0
-2
6
-13
20
-22
5
59
-1045
-1822
-1626
-1696
-1760
-1749
-1756
-1767
-1809
-1920
-1988
-2041
-2083
-2066
-1961
-1897
-1851
-1839
-1784
-1651
-1416
-1100
-629
-210
178
490
699
958
1114
1218
1287
1300
1412
1536
1702
1934
2168
2492
2954
3221
3185
3140
3029
2913
2811
2554
2267
1982
1993
2127
2173
2250
2099
1941
1730
1304
962
725
334
11
-198
-540
-777
-1063
-1485
-1771
-1909
-2110
-2220
-2099
-1813
-1411
-922
-703
-774
-956
-1021
-984
-908
-612
-603
-270
129
133
318
520
700
1007
1334
1739
2263
2658
3184
3316
3739
4130
4185
4286
4374
4899
5357
5679
5849
5711
5709
5515
5427
5544
5254
4832
4462
4075
3809
3292
2597
1905
1417
1390
1533
1593
1446
1304
1488
1688
1638
1190
926
1248
1556
1668
1813
1979
2213
2478
2594
2485
2268
2204
2295
2309
2508
2808
3143
3474
3581
3771
4180
4532
4800
4878
4952
5103
4889
4381
3700
3085
2477
1763
1075
704
819
1065
1227
1297
1078
636
107
-423
-921
-1352
-1591
-1689
-1700
-1766
-1879
-1883
-1812
-1804
-1981
-2124
-2174
-2350
-2695
-3188
-3638
-3783
-3833
-3809
-3720
-3501
-3189
-2992
-2897
-2854
-2836
-2688
-2371
-2067
-1908
-1704
-1389
-1115
-870
-626
-409
-297
-206
-40
147
458
803
1084
1423
1790
2098
2341
2483
2675
2967
3198
3425
3624
3716
3681
3500
3315
3203
3077
2907
2648
2357
2108
1816
1485
1119
739
360
-114
-598
-1097
-1562
-1880
-2184
-2423
-2608
-2840
-3059
-3291
-3531
-3704
-3774
-3820
-4006
-4108
-4142
-4292
-4463
-4740
-5004
-5130
-5221
-5203
-5083
-5120
-5140
-5019
-4911
-4796
-4742
-4768
-4786
-4842
-4882
-5059
-5270
-5409
-5420
-5415
-5420
-5431
-5518
-5688
-5962
-6155
-6386
-6560
-6639
-6703
-6723
-6794
-6832
-6868
-7015
-7023
-7061
-7145
-7075
-7079
-6994
-6819
-6676
-6514
-6354
-6273
-6222
-6119
-6045
-5937
-5734
-5576
-5376
-5040
-4812
-4503
-4167
-3870
-3519
-3114
-2712
-2418
-2107
-1746
-1500
-1136
-744
-464
-185
73
295
484
678
856
984
1046
1103
1121
1100
1138
1231
1345
1405
1455
1495
1498
1449
1396
1357
1276
1191
1092
1115
1188
1178
1147
1047
847
738
590
440
378
341
331
447
541
609
744
878
1023
1026
989
1050
1093
1171
1354
1525
1671
1871
2060
2112
2203
2321
2413
2510
2609
2711
2784
2925
3047
3058
3128
3180
3204
3302
3408
3486
3461
3413
3267
3091
2945
2745
2504
2267
2076
1886
1724
1569
1475
1385
1235
1193
1204
1246
1297
1145
1004
865
683
589
422
236
201
221
295
330
312
342
305
268
251
208
193
172
156
125
33
-27
-83
-162
-148
-134
-174
-241
-340
-498
-628
-808
-962
-1122
-1233
-1287
-1480
-1693
-1869
-2091
-2292
-2414
-2609
-2724
-2761
-2819
-2819
-2805
-2842
-2745
-2643
-2617
-2487
-2340
-2227
-2089
-1942
-1834
-1751
-1659
-1610
-1529
-1455
-1433
-1329
-1205
-1120
-986
-773
-545
-321
-147
-13
96
73
69
-16
-141
-167
-90
73
187
270
244
218
240
218
229
199
134
150
147
202
330
408
438
468
498
591
692
765
950
1134
1179
1212
1228
1294
1346
1404
1518
1626
1750
1883
1981
2028
2030
2161
2318
2401
2543
2605
2661
2735
2795
2812
2876
2943
2983
3106
3108
3032
3067
2978
2860
2774
2583
2401
2312
2234
2116
1979
1907
1765
1593
1392
1157
972
701
472
214
-67
-214
-354
-424
-497
-585
-598
-686
-765
-759
-771
-896
-1021
-1105
-1236
-1399
-1416
-1434
-1421
-1374
-1355
-1330
-1283
-1199
-1152
-1157
-1242
-1251
-1209
-1279
-1253
-1165
-1074
-966
-884
-771
-648
-604
-580
-526
-474
-502
-478
-416
-489
-585
-596
-573
-558
-528
-442
-269
-183
-155
-153
-233
-329
-397
-475
-553
-595
-679
-750
-818
-914
-918
-915
-980
-939
-990
-1090
-1155
-1336
-1472
-1526
-1611
-1710
-1789
-1824
-1883
-1879
-1785
-1782
-1781
-1727
-1645
-1605
-1589
-1575
-1625
-1633
-1575
-1594
-1564
-1526
-1476
-1365
-1289
-1279
-1296
-1330
-1382
-1478
-1561
-1585
-1577
-1568
-1507
-1478
-1476
-1476
-1501
-1454
-1370
-1331
-1270
-1213
-1211
-1238
-1247
-1181
-1080
-1048
-994
-1016
-914
-838
-886
-909
-988
-1113
-1191
-1211
-1182
-1245
-1225
-1103
-979
-814
-618
-433
-282
-195
-85
41
64
163
251
239
270
286
330
358
356
397
423
418
435
471
507
502
576
673
767
799
776
791
806
722
679
669
650
706
718
705
722
763
786
720
656
623
631
697
681
728
829
881
897
904
930
980
1096
1191
1282
1417
1429
1452
1540
1641
1715
1786
1874
1858
1799
1803
1748
1663
1635
1624
1642
1660
1736
1821
1838
1882
1961
1953
1971
2030
1991
1963
1943
1895
1835
1876
1965
1961
1979
2017
2053
2128
2098
2047
2025
1996
2009
1955
1855
1794
1756
1735
1820
1933
2015
2078
2048
1999
1925
1870
1755
1629
1600
1497
1413
1393
1361
1412
1528
1599
1539
1422
1313
1177
1048
1031
1091
1113
1166
1221
1173
1214
1264
1341
1440
1440
1416
1399
1375
1282
1165
1039
970
956
1003
1105
1166
1139
1127
1123
1077
1011
1007
913
786
746
737
745
772
732
688
666
712
790
887
943
912
913
886
836
782
707
647
605
555
523
492
431
376
379
360
427
454
430
415
388
311
231
172
149
100
23
126
169
93
122
111
52
89
139
84
-15
-110
-252
-375
-439
-482
-595
-707
-723
-661
-543
-426
-357
-340
-337
-316
-352
-409
-327
-259
-294
-258
-169
-109
-9
26
49
12
-144
-238
-424
-465
-350
-273
-162
-86
3
84
99
115
104
89
123
146
117
164
259
316
425
515
565
587
556
536
529
471
331
214
60
-57
-168
-274
-259
-260
-265
-201
-177
-170
-219
-315
-420
-486
-562
-657
-779
-839
-884
-1015
-1169
-1347
-1469
-1591
-1711
-1775
-1764
-1784
-1924
-2037
-2133
-2211
-2317
-2361
-2322
-2329
-2276
-2228
-2152
-2102
-2100
-2095
-2131
-2130
-2141
-2191
-2199
-2191
-2197
-2164
-2035
-2006
-1957
-1875
-1819
-1685
-1620
-1518
-1440
-1414
-1404
-1370
-1340
-1326
-1288
-1260
-1162
-1079
-1010
-895
-774
-651
-597
-528
-422
-334
-280
-231
-208
-208
-170
-125
-53
54
133
182
247
362
413
452
529
552
542
598
592
591
662
717
772
865
1008
1078
1103
1127
1055
1057
1023
941
911
848
816
830
832
910
994
1080
1137
1190
1252
1327
1347
1386
1447
1484
1565
1600
1600
1585
1554
1570
1586
1567
1584
1632
1657
1696
1847
1931
1934
1996
1998
1953
1879
1823
1731
1689
1755
1858
1925
2011
2136
2219
2323
2370
2366
2414
2428
2303
2101
1977
1918
1847
1764
1702
1715
1746
1692
1696
1716
1756
1863
1846
1849
1855
1791
1706
1585
1422
1284
1194
1149
1117
1064
1079
1060
970
921
791
655
571
482
496
489
411
415
498
512
535
497
474
492
441
377
313
213
139
59
-19
14
73
13
-107
-154
-261
-291
-236
-244
-293
-282
-241
-211
-215
-146
-97
-114
-90
-61
-55
-43
-88
-80
-36
36
81
61
15
-8
-58
-136
-152
-129
-87
-48
-77
-110
-166
-162
-147
-95
5
85
122
144
137
106
101
107
129
119
151
218
259
220
170
139
55
41
97
77
102
213
319
342
336
338
286
280
285
299
391
470
501
460
438
391
355
345
342
317
295
304
271
258
268
164
140
199
182
230
320
348
374
385
302
246
314
267
278
336
289
291
298
242
228
257
217
290
394
395
452
378
198
101
55
-8
-59
-84
-125
-135
-139
-141
-144
-119
-67
-44
-41
-52
-83
-145
-213
-291
-433
-513
-613
-668
-573
-493
-452
-370
-343
-354
-399
-438
-478
-576
-634
-694
-817
-841
-763
-778
-696
-592
-563
-533
-491
-507
-471
-502
-616
-698
-813
-944
-1017
-1007
-1002
-938
-889
-810
-778
-735
-753
-815
-889
-932
-934
-885
-837
-868
-879
-822
-696
-597
-497
-468
-428
-407
-411
-437
-539
-663
-786
-831
-858
-860
-788
-657
-584
-588
-586
-578
-629
-631
-725
-881
-988
-1080
-1089
-1014
-958
-894
-920
-959
-901
-823
-757
-740
-783
-832
-897
-1037
-1138
-1262
-1454
-1549
-1531
-1398
-1186
-995
-814
-704
-639
-588
-563
-629
-686
-731
-775
-775
-710
-628
-598
-604
-562
-486
-439
-421
-434
-394
-412
-410
-413
-491
-478
-429
-385
-304
-153
-56
2
45
164
264
335
309
217
197
164
59
-26
-89
-145
-128
-30
89
272
328
415
477
397
431
428
387
438
431
375
340
378
437
519
602
687
740
693
590
508
429
373
332
282
328
438
453
479
583
675
768
829
893
912
876
874
919
998
1045
1061
1071
1067
1055
1008
946
889
866
879
823
724
673
638
628
633
719
785
810
846
854
838
771
733
763
760
719
769
823
773
832
872
893
926
940
965
928
910
869
826
796
762
728
689
731
770
724
689
731
766
785
753
707
649
544
475
424
420
511
544
525
497
494
451
340
299
286
283
280
298
360
356
317
242
96
75
10
-67
-89
-78
-33
-16
-18
-41
-172
-291
-354
-431
-476
-480
-573
-600
-504
-435
-450
-450
-486
-603
-637
-658
-612
-624
-595
-521
-481
-461
-492
-496
-425
-422
-440
-401
-454
-487
-496
-440
-440
-449
-399
-383
-420
-495
-570
-606
-622
-604
-614
-532
-480
-542
-555
-575
-563
-513
-519
-518
-511
-507
-434
-424
-435
-354
-273
-338
-484
-599
-646
-626
-614
-560
-505
-390
-291
-280
-377
-445
-482
-548
-544
-464
-416
-419
-445
-466
-439
-481
-499
-501
-556
-634
-718
-796
-906
-945
-889
-823
-745
-700
-702
-708
-759
-886
-993
-1038
-1067
-1036
-1029
-1036
-1005
-947
-886
-871
-957
-963
-938
-973
-1029
-1133
-1254
-1353
-1403
-1435
-1432
-1455
-1529
-1495
-1494
-1504
-1460
-1447
-1459
-1466
-1454
-1484
-1480
-1454
-1460
-1459
-1409
-1355
-1378
-1431
-1459
-1460
-1487
-1461
-1541
-1557
-1538
-1676
-1718
-1752
-1781
-1699
-1529
-1410
-1348
-1348
-1376
-1402
-1386
-1382
-1383
-1389
-1477
-1543
-1563
-1522
-1464
-1455
-1425
-1419
-1416
-1375
-1269
-1257
-1191
-1134
-1174
-1159
-1217
-1344
-1380
-1352
-1344
-1300
-1226
-1099
-1002
-897
-824
-832
-901
-982
-1071
-1113
-1127
-1108
-1013
-913
-882
-788
-700
-659
-595
-469
-385
-377
-372
-442
-468
-443
-464
-435
-426
-373
-254
-55
79
118
157
137
102
40
-11
-22
-54
-38
6
143
298
476
666
788
872
1002
1041
987
925
737
565
457
388
388
401
452
456
418
478
601
588
532
486
393
280
212
101
-1
-43
-113
-158
-117
-54
44
81
103
73
-58
-154
-202
-269
-274
-253
-158
-57
-44
-8
11
22
99
163
115
151
151
126
98
78
78
83
21
-40
0
-2
-10
-7
41
8
-28
-40
-107
-148
-128
-124
-188
-167
-185
-214
-160
-119
-95
1
85
161
110
17
-30
-87
-124
-197
-212
-150
-209
-236
-203
-236
-274
-263
-290
-304
-258
-271
-357
-468
-516
-514
-528
-555
-590
-534
-449
-443
-440
-427
-548
-604
-678
-779
-790
-814
-806
-747
-714
-658
-606
-582
-585
-655
-736
-826
-903
-897
-938
-820
-683
-615
-532
-488
-471
-523
-566
-616
-694
-700
-752
-761
-654
-581
-537
-494
-412
-331
-300
-196
-149
-202
-198
-171
-183
-123
-101
-103
-136
-102
-61
-41
-1
41
69
90
106
123
146
145
183
184
127
126
104
98
143
149
253
360
351
469
575
524
480
419
353
333
354
372
422
429
467
461
394
461
498
516
509
517
550
559
525
495
518
422
290
225
158
102
105
106
144
168
133
196
235
177
108
-21
-83
18
59
24
-35
-93
-162
-244
-259
-263
-280
-160
-63
-83
-107
-87
-41
-59
-60
-118
-148
-118
-125
-140
-178
-174
-196
-285
-350
-391
-421
-448
-509
-557
-604
-678
-705
-819
-888
-899
-995
-1055
-1096
-1113
-1117
-1142
-1088
-1018
-1054
-1070
-1129
-1242
-1295
-1379
-1428
-1386
-1389
-1343
-1239
-1107
-1079
-1103
-1059
-1052
-1118
-1223
-1303
-1345
-1391
-1423
-1335
-1246
-1129
-992
-931
-939
-973
-973
-952
-954
-1040
-1081
-1110
-1084
-1070
-1046
-976
-940
-916
-879
-850
-869
-883
-897
-924
-928
-832
-781
-747
-757
-649
-598
-609
-557
-566
-496
-426
-396
-395
-422
-415
-464
-561
-581
-598
-587
-585
-578
-447
-353
-358
-334
-317
-339
-295
-334
-312
-336
-397
-396
-396
-343
-354
-260
-167
-121
-90
-10
6
-30
-21
-63
-147
-133
-182
-234
-275
-329
-336
-272
-169
-93
-33
-23
-83
-142
-164
-165
-172
-183
-225
-247
-255
-261
-252
-290
-331
-321
-327
-316
-335
-407
-447
-464
-453
-416
-250
-120
23
178
294
444
570
637
620
544
551
512
441
469
460
439
554
629
707
768
719
642
519
386
293
271
239
251
182
205
323
364
453
484
471
475
410
345
222
129
168
224
258
316
352
387
431
428
404
377
364
347
286
245
235
256
277
313
297
325
455
504
499
455
391
379
337
234
102
106
74
-29
-49
-17
-3
44
74
87
142
178
191
182
211
205
222
263
225
267
270
288
331
324
333
374
422
458
487
473
349
255
210
124
128
140
164
311
447
505
522
477
450
421
309
280
268
194
213
150
143
199
183
239
222
253
272
223
181
143
39
-48
-134
-177
-268
-304
-250
-261
-176
-65
-28
113
213
198
241
150
-8
-52
-39
7
-23
18
44
81
136
180
222
271
318
253
137
98
53
38
-23
-112
-18
117
140
184
223
196
204
179
88
72
90
93
92
-4
-30
-108
-261
-384
-455
-421
-345
-249
-236
-237
-297
-406
-343
-291
-311
-354
-352
-332
-358
-342
-346
-280
-221
-160
-155
-180
-148
-187
-254
-295
-374
-433
-474
-566
-649
-615
-592
-608
-589
-552
-431
-362
-398
-438
-465
-490
-542
-600
-684
-760
-793
-821
-789
-740
-750
-719
-753
-811
-854
-909
-902
-904
-827
-820
-767
-663
-631
-551
-496
-545
-590
-646
-599
-513
-482
-463
-442
-323
-263
-270
-225
-213
-211
-160
-93
-76
-70
-82
-113
-52
-28
3
46
74
168
327
426
449
524
547
562
594
575
597
605
652
686
699
693
644
619
522
460
482
495
535
568
599
667
699
675
637
681
738
666
636
560
529
520
537
615
631
593
534
481
507
607
587
487
436
335
303
234
239
417
556
617
673
709
625
579
562
575
706
750
845
920
946
985
958
858
845
764
676
727
793
849
912
937
902
860
867
908
881
893
952
994
1065
1070
1051
1053
1086
1079
993
995
1047
1114
1199
1181
1202
1205
1138
1120
1108
1030
944
960
962
893
886
845
805
847
826
733
707
746
683
619
571
545
515
497
461
399
314
263
240
220
214
96
15
-63
-93
-41
-14
38
76
169
244
264
271
244
211
136
21
-32
-24
21
13
19
84
96
95
69
-41
-216
-381
-450
-514
-512
-434
-345
-284
-193
-111
-64
-98
-125
-165
-209
-269
-296
-275
-193
-117
-54
4
39
132
184
163
167
115
-21
-117
-155
-223
-241
-219
-163
-51
44
154
183
144
115
3
-38
-37
-62
-23
50
87
54
56
25
-11
-27
-31
-64
-100
-64
-50
-13
68
77
87
113
176
280
411
569
661
732
815
878
933
947
911
828
743
682
667
676
677
705
816
911
977
1033
1020
976
976
950
923
923
911
836
790
900
988
1049
1147
1167
1199
1254
1198
1076
952
815
754
760
687
595
562
567
646
728
809
896
897
776
712
662
537
428
411
433
428
431
473
485
532
600
626
631
567
525
436
290
200
157
100
142
221
299
377
458
529
474
439
377
303
209
165
181
107
94
86
70
38
-48
-41
-47
-105
-109
-114
-167
-184
-233
-273
-243
-186
-178
-151
-91
-45
-10
42
19
-70
-84
-59
-27
-29
-98
-76
-4
111
171
160
119
-2
-56
21
96
201
196
181
241
236
224
273
378
448
396
409
464
467
507
505
477
439
413
396
466
514
538
538
539
569
566
535
581
609
623
660
628
650
710
667
608
652
734
767
897
973
995
1045
974
858
809
684
511
435
395
369
451
520
564
561
515
552
566
526
554
561
539
571
602
609
687
698
686
737
736
777
761
732
778
773
705
651
534
436
517
551
507
588
634
621
698
733
796
867
898
912
849
762
702
670
672
680
728
760
784
811
798
799
728
636
643
604
601
593
629
606
623
790
823
847
919
970
949
864
841
792
717
768
882
999
994
935
930
959
917
853
771
660
595
562
556
644
742
811
857
938
930
946
915
827
781
710
665
721
767
803
857
887
908
879
804
736
658
623
606
539
463
511
487
509
545
488
460
408
335
297
271
241
219
196
208
205
188
151
131
132
96
106
158
168
180
206
224
238
186
104
24
-4
101
178
279
436
492
556
580
566
490
390
368
363
349
331
369
383
333
345
354
375
350
316
335
300
261
300
355
359
329
299
236
167
127
214
269
313
429
500
525
541
501
470
377
221
113
23
-23
-29
-41
38
171
282
327
310
250
182
72
-48
-135
-213
-199
-121
-38
68
143
128
72
29
-13
-67
-135
-225
-252
-321
-326
-292
-365
-397
-343
-265
-237
-188
-101
-9
43
80
60
-36
-122
-217
-309
-363
-377
-428
-410
-277
-229
-233
-281
-391
-515
-629
-691
-734
-746
-772
-801
-855
-846
-793
-834
-883
-862
-783
-802
-888
-860
-827
-852
-848
-915
-1063
-1198
-1313
-1435
-1511
-1501
-1514
-1469
-1378
-1313
-1216
-1152
-1151
-1156
-1158
-1130
-1181
-1213
-1171
-1058
-952
-910
-772
-714
-686
-633
-660
-707
-770
-794
-745
-709
-641
-495
-440
-393
-306
-238
-158
-69
-46
-39
43
94
181
235
295
298
329
428
503
527
502
527
480
322
264
227
181
226
294
331
423
473
484
598
680
658
649
617
557
586
587
555
485
433
470
499
552
528
570
693
704
665
622
525
426
353
260
178
290
426
509
555
541
566
576
472
329
291
263
222
227
213
202
232
239
333
399
451
463
457
479
469
493
474
441
458
415
388
383
298
291
315
301
363
490
582
689
713
649
562
493
390
292
263
250
184
167
189
235
307
310
296
285
212
124
68
98
145
161
270
307
316
288
269
311
333
337
297
315
328
288
217
169
108
7
-94
-71
-30
29
54
109
146
105
40
-66
-184
-280
-382
-410
-429
-425
-366
-373
-351
-340
-364
-385
-492
-602
-746
-922
-1004
-1082
-1114
-1133
-1108
-1036
-977
-923
-912
-903
-885
-885
-969
-970
-950
-1062
-1108
-1088
-1112
-1098
-1106
-1090
-1137
-1139
-1135
-1236
-1201
-1213
-1254
-1333
-1464
-1527
-1545
-1545
-1552
-1507
-1454
-1428
-1332
-1216
-1166
-1115
-1060
-988
-948
-968
-1002
-1018
-1005
-952
-935
-950
-962
-922
-877
-920
-898
-735
-633
-587
-600
-643
-636
-698
-711
-680
-681
-711
-679
-656
-698
-586
-513
-557
-551
-467
-475
-476
-488
-533
-509
-522
-604
-566
-441
-327
-279
-226
-191
-197
-187
-208
-238
-209
-222
-202
-204
-197
-107
-71
-100
-91
-173
-184
-171
-175
-195
-249
-237
-184
-211
-273
-220
-174
-195
-111
-27
88
169
197
168
77
80
106
73
107
142
179
252
234
164
133
-7
-88
-166
-207
-189
-198
-205
-166
-64
-42
-134
-228
-324
-423
-497
-600
-636
-705
-722
-657
-668
-703
-763
-842
-929
-974
-976
-970
-935
-911
-845
-769
-739
-745
-780
-848
-893
-920
-921
-926
-910
-897
-921
-867
-751
-612
-544
-557
-514
-586
-554
-543
-622
-673
-722
-788
-834
-845
-851
-817
-748
-674
-547
-442
-349
-258
-253
-218
-264
-359
-341
-414
-442
-391
-271
-206
-217
-224
-196
-296
-316
-329
-398
-390
-434
-464
-433
-430
-407
-372
-392
-380
-315
-227
-197
-170
-175
-151
-163
-186
-126
-54
-3
44
32
-111
-239
-367
-476
-520
-575
-544
-583
-731
-838
-1004
-1249
-1366
-1427
-1427
-1330
-1249
-1106
-937
-929
-853
-747
-709
-631
-605
-567
-478
-358
-125
91
224
337
357
309
320
250
173
80
-17
-61
-209
-306
-348
-505
-687
-752
-673
-726
-726
-626
-625
-551
-464
-378
-280
-173
-86
44
172
180
190
280
410
480
558
653
656
544
347
127
-79
-214
-291
-348
-337
-316
-304
-215
-29
36
20
-11
-50
-88
-73
-77
-111
-38
-65
-148
-154
-206
-282
-394
-452
-467
-484
-442
-455
-492
-559
-756
-982
-1208
-1426
-1606
-1758
-1809
-1693
-1665
-1647
-1612
-1641
-1634
-1606
-1670
-1759
-1788
-1804
-1877
-1800
-1604
-1488
-1341
-1192
-1155
-1002
-937
-893
-758
-878
-940
-910
-984
-1038
-1010
-938
-891
-915
-964
-1014
-997
-954
-913
-757
-601
-494
-405
-305
-292
-297
-185
-66
22
134
352
567
606
610
629
561
508
480
412
339
331
392
475
550
665
798
798
765
764
642
454
316
273
270
307
425
496
632
630
559
537
451
379
251
108
71
-1
-30
-17
-68
-115
-166
-236
-322
-404
-415
-446
-490
-529
-627
-670
-659
-755
-828
-856
-862
-812
-771
-705
-636
-611
-634
-670
-719
-799
-800
-789
-744
-699
-679
-648
-629
-596
-486
-441
-505
-509
-460
-453
-506
-490
-483
-508
-514
-546
-556
-578
-625
-655
-673
-662
-595
-592
-573
-469
-437
-431
-349
-244
-164
-93
24
98
140
166
159
161
178
148
138
101
20
-92
-43
-14
-36
58
109
142
207
254
277
283
288
219
132
63
-5
35
52
54
137
165
159
267
383
339
309
242
134
68
-60
-206
-304
-340
-401
-366
-320
-273
-171
-124
-153
-191
-266
-343
-417
-424
-487
-534
-520
-512
-479
-446
-389
-342
-309
-242
-159
-129
-147
-231
-227
-158
-130
-74
15
94
160
169
186
258
271
254
226
212
269
269
248
299
275
200
160
170
214
203
143
122
171
203
249
299
338
421
466
465
505
428
335
310
245
251
346
340
297
371
418
479
528
525
547
493
448
390
243
177
212
248
264
335
357
374
391
452
451
502
547
581
637
626
608
568
518
413
407
442
368
368
369
315
287
360
395
373
419
409
380
384
412
491
575
653
688
694
720
705
595
555
557
534
440
399
408
368
372
403
345
244
214
250
260
298
318
263
172
150
93
11
-4
-34
3
61
98
187
255
345
311
258
246
147
86
14
-92
-220
-223
-135
-145
-111
-25
67
139
210
260
187
80
8
-100
-131
-171
-223
-138
-82
-95
-53
9
-15
-31
-13
-130
-251
-357
-473
-535
-548
-469
-400
-374
-216
-93
-104
-49
45
97
102
96
100
45
-29
-119
-171
-239
-340
-399
-413
-399
-386
-403
-480
-575
-745
-814
-822
-858
-824
-747
-695
-662
-616
-608
-579
-627
-660
-640
-682
-684
-632
-641
-661
-618
-572
-588
-568
-532
-478
-399
-326
-347
-421
-505
-580
-561
-563
-632
-598
-519
-353
-206
-76
10
1
19
21
-28
17
21
2
-3
35
42
142
278
333
363
418
537
607
650
755
761
649
546
472
431
440
452
531
587
543
541
634
583
502
456
333
259
273
222
244
246
202
282
307
368
485
508
540
565
480
469
396
350
355
351
417
477
623
841
995
1047
1012
984
886
827
838
793
857
990
1057
1097
1104
1153
1187
1204
1245
1247
1286
1313
1237
1180
1069
1016
960
920
995
1031
973
978
1031
1036
1025
962
896
839
767
671
506
443
347
284
358
405
440
560
623
624
634
637
586
518
411
221
106
64
-54
-204
-301
-301
-312
-274
-210
-272
-297
-303
-315
-321
-352
-303
-199
-169
-174
-249
-344
-335
-267
-181
-74
-5
9
57
39
67
78
67
117
109
159
160
160
169
138
272
338
387
481
502
478
474
474
500
513
544
578
626
701
739
770
826
872
816
784
693
619
673
595
568
621
641
590
582
665
673
648
631
569
483
477
525
622
779
874
911
901
850
714
598
552
514
495
412
396
457
471
507
523
468
414
355
253
186
203
281
393
471
508
591
592
501
457
349
271
237
178
130
93
65
44
69
123
93
76
60
9
61
178
163
160
200
142
96
-27
-129
-174
-231
-260
-259
-208
-107
-55
-33
2
-40
-102
-145
-146
-250
-283
-190
-200
-166
-63
30
125
171
231
229
232
221
168
59
-2
-67
-121
-159
-139
-48
13
-11
-33
5
-39
-37
12
17
50
52
3
-81
-158
-171
-120
-78
-10
83
109
152
181
218
242
178
153
165
140
142
137
181
157
128
210
256
312
383
423
444
458
499
395
289
272
244
291
373
464
517
529
554
602
617
557
469
395
413
439
416
484
468
428
524
604
683
773
795
737
715
668
614
610
539
548
686
668
627
626
552
499
387
297
208
128
48
5
68
83
-37
-325
-699
-771
-537
-237
-61
-146
-344
-498
-470
-244
81
322
420
278
64
98
321
396
259
-126
-309
-201
-71
7
125
205
127
65
74
29
-213
-524
-907
-1147
-971
-668
-502
-548
-589
-452
-317
-203
-128
-101
-52
-5
201
420
443
316
283
283
378
644
879
766
529
368
301
379
540
544
414
189
100
139
284
538
636
509
193
-14
-48
-33
-86
-48
44
51
93
284
593
719
649
593
621
623
484
492
452
119
-2
225
617
807
844
943
835
832
1027
1205
1032
710
800
734
-42
-558
-578
-603
-715
-628
-472
-657
-941
-840
-578
-392
-143
160
265
321
912
1619
1935
2012
2037
1881
1555
1252
1038
765
396
388
667
203
-447
-163
574
435
-82
-610
-1114
-1525
-1402
-924
-491
-530
-753
-834
-221
982
1999
2240
1944
1768
1645
1664
1989
2418
2367
1765
1416
1874
2248
1858
1144
683
114
-657
-1125
-1131
-876
-997
-1012
-557
-103
283
624
660
583
576
799
872
445
188
256
296
362
687
1123
1365
1535
1679
1697
1480
1259
1076
538
-110
-234
-78
36
203
426
485
341
488
564
332
107
10
-164
-481
-589
-576
-582
-333
16
199
231
471
711
470
321
31
-527
-612
-173
389
640
868
921
629
484
659
911
696
107
-217
-454
-453
-105
123
66
47
152
283
361
425
503
437
269
-42
-336
-365
-238
-312
-475
-412
-157
-179
-346
-184
302
588
574
501
426
529
802
1054
1326
1259
883
698
748
784
628
226
-108
-345
-475
-384
-325
-650
-1177
-1495
-1480
-1010
-659
-904
-1160
-937
-396
-40
-25
-33
-139
-534
-663
-227
112
-224
-587
-285
59
-46
-39
199
48
-561
-936
-749
-601
-1031
-1693
-1995
-1650
-1138
-787
-663
-379
-307
-717
-782
-461
-307
-541
-962
-988
-687
-407
-200
-50
148
286
285
426
802
819
341
-62
-38
108
-23
-134
-95
-96
-84
69
210
295
286
85
-127
-190
-101
-249
-417
-367
-82
292
421
532
581
432
382
285
269
343
240
105
30
99
402
683
861
937
943
885
807
958
1090
916
643
507
485
530
648
847
949
960
947
994
976
840
678
645
726
799
915
1096
1150
1130
1140
1157
1201
1162
1003
868
766
729
753
705
545
439
348
350
614
825
793
557
398
343
351
307
112
86
65
31
145
148
259
387
312
178
35
-55
-53
12
-88
-198
-314
-435
-282
-173
-106
-102
-254
-387
-480
-541
-520
-577
-726
-871
-949
-801
-634
-599
-668
-719
-545
-266
-128
-228
-448
-652
-837
-824
-552
-475
-731
-1022
-1064
-1060
-1024
-763
-705
-893
-1018
-898
-584
-281
-311
-660
-925
-963
-798
-527
-236
-105
-259
-426
-363
-102
-97
-248
-300
-388
-503
-416
-378
-411
-450
-556
-567
-397
-60
320
435
325
197
152
142
313
466
351
280
275
336
451
495
520
515
557
632
668
706
711
506
286
223
407
568
607
561
386
301
414
592
656
632
431
90
-50
84
181
192
230
239
382
460
557
648
462
297
153
12
38
87
-24
-337
-464
-484
-570
-623
-620
-576
-656
-782
-647
-517
-493
-449
-470
-518
-532
-505
-563
-590
-549
-649
-670
-682
-768
-759
-749
-726
-611
-658
-844
-1042
-1277
-1388
-1230
-1067
-854
-715
-806
-899
-956
-1110
-1249
-1294
-1349
-1308
-1198
-1148
-1038
-1005
-966
-816
-790
-718
-685
-689
-527
-607
-766
-897
-1033
-1011
-854
-652
-503
-496
-637
-533
-350
-306
-271
-337
-442
-504
-582
-569
-489
-457
-359
-198
-164
-75
111
87
150
356
396
416
293
67
-32
5
210
339
309
276
398
492
549
626
393
54
-247
-195
229
574
730
741
664
643
762
1051
1197
953
570
276
194
306
210
-1
-200
-294
6
349
522
536
390
280
279
378
358
130
-116
-217
-110
12
194
274
267
204
123
133
76
-104
-218
-234
-197
-118
-139
-301
-489
-553
-586
-492
-369
-371
-530
-714
-602
-461
-408
-359
-233
-224
-372
-351
-381
-402
-368
-455
-496
-565
-682
-733
-670
-640
-624
-716
-944
-951
-897
-920
-824
-662
-633
-709
-642
-423
-391
-414
-538
-705
-612
-475
-376
-374
-508
-572
-600
-543
-428
-470
-549
-549
-468
-240
-163
-283
-429
-514
-519
-575
-493
-375
-310
-247
-259
-145
-176
-276
-223
-210
-13
111
112
32
-66
-67
-148
-136
-48
-202
-464
-559
-521
-569
-454
-449
-550
-456
-348
-73
156
221
234
36
-112
-55
-32
-40
-61
28
267
519
560
418
361
87
-81
-37
-122
-90
-171
-348
-522
-589
-513
-619
-618
-531
-387
-135
-79
-211
-473
-653
-856
-999
-1059
-1117
-1094
-1067
-1044
-1054
-1203
-1318
-1392
-1506
-1425
-1340
-1513
-1796
-2007
-2034
-1841
-1689
-1592
-1517
-1626
-1683
-1545
-1437
-1467
-1546
-1723
-1885
-1838
-1893
-2045
-1964
-1900
-1961
-2066
-2152
-2055
-2064
-2093
-1961
-1818
-1634
-1550
-1568
-1507
-1432
-1376
-1351
-1214
-1031
-893
-526
-252
76
237
174
359
477
581
716
775
924
997
1002
1179
1327
1417
1507
1704
2111
2553
2980
3283
3466
3673
3823
3922
4068
4173
4321
4571
4825
4872
5079
5136
4881
4394
3157
2213
1764
1352
1335
1122
898
631
176
57
45
414
679
835
1240
1635
2310
2463
2166
1884
1621
1573
1545
1651
1827
1642
1392
1356
1361
1145
530
-390
-1414
-2317
-3108
-3692
-4134
-4641
-5099
-5452
-5439
-5329
-5771
-5967
-5953
-5549
-4443
-3550
-3021
-2946
-3225
-3346
-3166
-2674
-2163
-1694
-1643
-1673
-1594
-1908
-2351
-3162
-4085
-4733
-5249
-5290
-5105
-5042
-4994
-4843
-4436
-4089
-3871
-3801
-3885
-4006
-4057
-4008
-3802
-3469
-3183
-2888
-2469
-1951
-1469
-1046
-698
-221
344
559
565
374
131
-134
-301
-213
2
402
791
1299
1832
2085
2349
2423
2779
3194
3402
3806
4130
4652
5194
4632
3094
1822
1276
1506
1892
1624
1006
79
-998
-1686
-1625
-908
-353
-41
376
1407
2675
3145
2708
1932
1602
1866
2111
2452
2839
2999
3152
3688
4654
5349
5181
4299
3341
2396
1304
410
-190
-937
-1719
-2351
-2659
-2703
-2833
-2849
-2368
-1298
130
1335
1805
1831
1717
1592
1715
2085
2580
2935
3150
3185
3100
2721
1540
311
-836
-2273
-3249
-3892
-4196
-4178
-4329
-4541
-4661
-4658
-4822
-4897
-4642
-4272
-3894
-3836
-3995
-4173
-4461
-4746
-4766
-4599
-4266
-3812
-3527
-3454
-3453
-3779
-4348
-4974
-5504
-5799
-6031
-6193
-6348
-6552
-6672
-6583
-6263
-5918
-5535
-5259
-4902
-4275
-3750
-3413
-3058
-2554
-1907
-1345
-634
179
838
1186
1421
1727
2021
2336
2553
2586
2791
3209
3561
4099
4767
5018
4923
3235
528
-627
-530
372
1013
586
-125
-700
-1382
-1671
-683
556
1399
2333
3368
5146
6502
6220
5193
4478
4721
5423
5770
5800
5906
5872
5815
6290
7157
7277
6389
5160
4048
3016
1706
433
-491
-1494
-2581
-3251
-3360
-3395
-3577
-3459
-2623
-974
674
1699
2024
1865
1570
1400
1683
2285
2851
3187
3308
3319
2930
2003
745
-634
-1914
-3054
-4136
-4697
-4947
-5331
-5655
-5797
-5829
-5917
-6072
-6060
-5524
-4778
-4438
-4385
-4575
-4774
-4725
-4447
-3699
-2842
-2190
-1753
-1689
-2107
-2939
-4039
-5185
-5683
-5770
-5453
-5304
-5296
-5254
-5576
-5708
-5728
-5535
-5030
-4758
-4464
-4164
-3991
-3797
-4043
-4137
-3747
-2907
-1894
-764
339
1135
1569
1815
1961
2021
1947
1937
2297
2710
3016
2993
2818
2731
2630
2993
3494
3447
3574
2341
196
-427
-362
525
1246
911
480
418
317
62
716
1590
2012
2789
3130
4073
5157
4836
4238
4089
4600
5566
5940
5776
5994
6510
6901
7442
8186
8126
7478
6369
5271
4562
3231
1766
1017
574
-107
-885
-1464
-1990
-2356
-2239
-1482
-110
1230
1825
1931
2009
1969
2125
2429
2789
3400
3789
3911
3703
3032
2233
1326
436
-372
-1167
-2112
-3017
-3501
-4085
-4751
-5053
-5380
-5343
-5222
-5292
-4968
-4391
-3952
-3646
-3384
-3285
-3239
-3104
-3019
-2631
-2156
-2064
-2247
-2739
-3200
-3620
-4164
-4468
-4501
-4364
-4014
-3687
-3710
-3998
-4464
-5117
-5584
-5695
-5794
-5912
-5956
-5965
-6000
-6148
-6350
-6310
-6024
-5499
-4530
-3188
-2064
-1579
-1653
-1963
-2111
-2100
-1867
-1314
-607
97
613
972
1141
1046
988
1126
1718
2718
3676
4020
4489
4180
2471
1706
1353
1794
2986
3011
2819
2722
2202
1619
1551
2084
2530
3438
4074
4826
5972
6034
5833
5513
5468
6156
6796
7494
8165
8864
9305
9438
9710
9392
8888
8355
7637
6821
5417
3964
2905
1947
779
-317
-820
-1180
-1768
-2028
-1842
-1472
-975
-415
242
1001
1274
1435
1863
2157
2453
2702
2813
2929
2849
2485
2030
1306
-459
-2175
-3065
-3630
-3028
-2675
-3212
-3617
-4540
-5758
-6750
-7127
-7048
-6745
-6215
-6043
-5736
-6018
-6685
-6896
-6792
-5993
-4895
-3962
-3298
-2977
-3242
-3681
-3750
-3876
-3790
-3354
-3166
-3381
-4117
-5002
-5802
-6320
-6495
-6392
-6127
-5973
-6006
-6150
-6256
-6355
-6299
-5923
-5459
-4763
-4006
-3434
-2665
-2254
-2105
-1529
-859
-52
974
1710
2522
3116
3293
3720
4158
4658
5237
5371
5336
4926
3420
2212
1716
1681
2380
2518
2336
2184
1572
1103
1167
1826
2270
2532
2860
3320
4097
4267
4498
4875
5062
5599
6323
7250
8242
9301
10263
11146
12172
12567
12348
12015
11370
10507
9491
8386
7375
6272
4950
3630
2692
1698
596
-32
-92
147
420
464
241
-111
-471
-351
354
1030
1810
2724
3179
3372
3443
3095
2814
2451
1770
1789
2079
2120
2157
1670
870
77
-825
-1558
-2045
-2773
-3810
-4413
-5091
-5846
-6552
-7409
-7623
-7315
-6820
-6128
-5260
-4719
-4518
-4296
-4155
-3819
-3526
-3366
-2923
-2554
-2469
-2401
-2393
-2376
-2332
-2291
-2368
-2503
-2786
-3348
-3802
-4218
-4641
-5015
-5397
-5764
-6076
-6391
-6636
-6548
-6248
-5709
-4863
-3910
-3298
-3076
-2938
-2625
-2176
-1558
-724
194
1056
1789
2483
2903
2992
2880
2670
2477
2586
2726
2988
3343
3291
3170
3071
2969
3197
3417
3675
3783
3629
3363
3127
3160
3111
3167
3489
3856
4231
4464
4896
5465
6009
6735
7544
8276
8584
8508
8184
7687
7258
6847
6619
6499
6328
6125
5649
5009
4301
3642
3492
3675
3792
3724
3382
2849
2097
1300
790
595
618
788
1061
1157
869
336
-262
-722
-835
-510
-162
-102
-217
-573
-971
-1062
-1055
-1057
-943
-780
-541
-327
-413
-743
-1198
-1572
-1744
-1479
-1228
-1361
-1663
-2046
-2372
-2727
-3157
-3501
-3529
-3440
-3330
-3160
-3335
-3699
-4158
-4395
-4153
-3847
-3547
-3301
-3291
-3321
-3399
-3530
-3674
-3906
-3991
-3868
-3660
-3500
-3606
-3953
-4398
-4801
-4927
-4739
-4346
-3930
-3726
-3871
-3925
-3972
-4101
-4040
-3781
-3365
-2925
-2638
-2406
-2174
-2022
-1819
-1424
-759
141
1028
1708
2217
2609
2983
3436
3796
4049
4262
4330
4531
4873
5094
5134
5146
4971
4886
5047
5168
5319
5395
5459
5542
5616
5744
5771
5692
5507
5424
5559
5689
5882
6062
6142
6103
6004
5852
5760
5769
5720
5715
5752
5691
5474
5142
4708
4170
3644
3177
2823
2535
2190
1877
1590
1069
571
224
-72
-270
-409
-439
-370
-357
-356
-309
-264
-242
-341
-488
-564
-559
-497
-451
-426
-476
-642
-871
-1066
-1099
-1137
-1314
-1327
-1346
-1553
-1910
-2337
-2586
-2729
-2881
-2931
-2856
-2614
-2423
-2516
-2718
-2947
-3147
-3340
-3317
-3169
-3274
-3455
-3755
-3994
-4012
-3821
-3591
-3526
-3634
-3875
-4185
-4415
-4560
-4658
-4773
-4716
-4409
-3953
-3677
-3707
-3878
-4114
-4247
-4185
-4019
-3741
-3522
-3439
-3525
-3602
-3456
-3011
-2356
-1394
-484
165
673
930
1167
1585
1984
2490
3027
3387
3613
3576
3398
3300
3290
3373
3610
3957
4200
4316
4178
3894
3598
3301
3372
3758
4118
4408
4462
4342
4321
4396
4488
4624
4873
5152
5466
5773
5970
5985
5822
5644
5556
5641
5682
5713
5769
5636
5285
4845
4385
4098
3856
3727
3761
3725
3593
3261
2756
2369
2224
2113
2053
2112
2173
2103
1833
1430
1066
593
275
287
318
210
-34
-343
-662
-927
-1125
-1279
-1354
-1592
-2039
-2325
-2507
-2634
-2685
-2700
-2710
-2706
-2576
-2294
-2177
-2340
-2494
-2571
-2593
-2530
-2508
-2677
-2858
-3142
-3407
-3516
-3607
-3694
-3850
-4058
-4305
-4558
-4940
-5284
-5461
-5522
-5293
-4942
-4645
-4495
-4552
-4605
-4755
-4814
-4628
-4367
-4141
-3970
-3839
-3784
-3853
-3924
-3868
-3699
-3355
-2877
-2385
-2045
-1877
-1637
-1286
-822
-296
105
537
783
989
1225
1491
1958
2473
2975
3444
3818
4018
4104
4211
4421
4679
4940
5253
5442
5608
5742
5834
5945
5901
5825
5781
5795
5959
5962
5945
5921
5743
5597
5655
5839
5965
5984
5986
5905
5721
5550
5450
5405
5390
5342
5316
5291
5132
4853
4611
4418
4222
4120
3985
3787
3592
3256
2909
2571
2018
1486
1102
823
621
445
306
165
99
-10
-166
-312
-604
-997
-1375
-1766
-2038
-2244
-2497
-2623
-2835
-3157
-3357
-3483
-3504
-3594
-3616
-3549
-3563
-3547
-3640
-3670
-3799
-4066
-4217
-4451
-4661
-4881
-5077
-5137
-5088
-5029
-5081
-5202
-5340
-5437
-5358
-5378
-5328
-5142
-5059
-5057
-5163
-5194
-5296
-5483
-5464
-5333
-5102
-5021
-5046
-5127
-5276
-5299
-5303
-5303
-5066
-4736
-4502
-4237
-4002
-3812
-3529
-3249
-2921
-2427
-1947
-1655
-1427
-1151
-841
-529
-221
165
666
1086
1531
1989
2431
2802
3087
3446
3808
4010
4100
4025
4039
4136
4267
4607
4969
5283
5388
5246
5117
4927
4864
4981
4973
4818
4692
4588
4569
4719
4721
4614
4731
4946
5209
5451
5581
5510
5300
5045
4997
5157
5223
5165
4947
4781
4729
4619
4469
4150
3720
3418
3138
2712
2201
1737
1412
1168
861
450
23
-214
-392
-810
-1056
-1411
-1773
-1914
-2101
-2187
-2290
-2200
-1926
-1893
-1924
-1996
-2213
-2430
-2391
-2208
-2196
-2377
-2640
-2981
-3296
-3351
-3342
-3251
-3263
-3478
-3583
-3725
-3908
-4105
-4422
-4690
-4749
-4732
-4709
-4639
-4765
-5115
-5322
-5259
-5029
-4803
-4554
-4399
-4356
-4268
-4092
-3993
-4095
-4007
-3637
-3233
-2934
-2606
-2411
-2508
-2474
-2288
-2058
-1639
-1230
-914
-528
-236
248
868
1317
1704
2036
2145
2170
2327
2525
2771
3022
2893
2709
2754
2845
3180
3486
3603
3414
3079
2800
2571
2608
2618
2690
2677
2396
2297
2279
2296
2506
2688
2821
3141
3628
3940
4126
4047
3835
3887
4101
4348
4587
4502
4221
3969
3963
4170
4264
4258
4036
3720
3372
2901
2625
2320
1869
1462
1095
716
404
148
-178
-360
-502
-678
-884
-1325
-1936
-2520
-2939
-3086
-3101
-3078
-3085
-3198
-3217
-3162
-3028
-2743
-2380
-2028
-1793
-1600
-1517
-1623
-1820
-1919
-1865
-1729
-1567
-1577
-1764
-1967
-2190
-2359
-2609
-2957
-3200
-3564
-3930
-4233
-4543
-4647
-4785
-4956
-4890
-4713
-4423
-4134
-3949
-3795
-3542
-3284
-3068
-2748
-2346
-1909
-1434
-911
-406
-60
393
754
917
1214
1482
1971
2472
2606
2619
2129
1786
2057
2702
3445
3193
2153
1078
713
1067
1316
1502
1058
246
-335
-766
-584
-127
168
38
-419
-605
-420
40
438
754
1303
2016
2898
3507
3617
3552
3919
4658
5351
5874
5954
5799
5452
5002
4980
5289
5414
5135
4601
4180
4143
4177
3966
3665
3134
2608
2594
2566
2168
1525
1094
1105
1271
1121
487
138
37
-16
-143
-476
-588
-664
-1001
-1594
-1922
-1973
-2056
-2039
-2398
-2563
-2327
-2254
-2301
-2466
-2537
-2224
-1558
-1211
-1199
-1344
-1604
-1668
-1900
-2297
-2545
-2792
-3161
-3674
-4053
-4264
-4446
-4693
-4845
-4815
-4667
-4388
-4296
-4443
-4643
-4451
-3872
-3467
-3169
-2914
-2680
-2301
-1926
-1428
-891
-345
175
520
1008
1615
2305
2954
3443
3642
3520
3322
2839
2920
3624
4196
4150
3043
1793
1212
1292
1478
1436
1174
356
-557
-1377
-1745
-1388
-1374
-1820
-2409
-2677
-2513
-2303
-2059
-1767
-1010
-171
403
753
863
1153
1792
2513
3089
3516
3711
3639
3550
3566
3804
4287
4392
3820
3133
2751
2646
2584
2365
2013
1785
1586
1539
1484
1059
814
635
311
49
-278
-502
-608
-940
-1663
-2330
-2405
-2266
-2004
-1877
-2072
-2206
-2280
-2295
-2188
-2002
-1891
-2107
-2744
-3196
-3240
-3273
-3186
-3004
-2818
-2493
-2151
-1838
-1795
-1925
-2070
-2241
-2362
-2573
-2858
-3187
-3584
-3867
-3969
-3961
-4047
-4096
-4179
-4162
-3833
-3464
-3163
-3018
-3039
-2973
-2875
-2733
-2485
-2095
-1630
-1057
-317
164
350
591
909
1424
2101
2833
3534
3917
3926
3584
2945
2882
3720
4611
4541
3232
1872
1296
1499
1526
1058
747
104
-814
-1511
-1604
-1012
-740
-1367
-2392
-2776
-2656
-2662
-2782
-2670
-1935
-1082
-664
-443
14
807
1646
2388
2933
3325
3467
3514
3657
3835
3999
4080
4011
3618
3205
3134
3313
3461
3395
3111
2803
2562
2359
2309
2225
1982
1579
695
223
446
652
640
-122
-1229
-1691
-1348
-1031
-1071
-1310
-1954
-2437
-2686
-2540
-1822
-1570
-2043
-2682
-2745
-2252
-1893
-2127
-2473
-2262
-1923
-1530
-1234
-1333
-1467
-1416
-1246
-1008
-906
-1250
-1673
-1854
-2004
-2182
-2295
-2401
-2515
-2700
-2834
-2723
-2417
-2245
-2379
-2591
-2544
-2303
-1983
-1712
-1563
-1361
-1089
-746
-459
-335
-55
369
756
1160
1659
2319
3036
3673
4024
4177
4144
3708
3746
4609
5420
5299
4106
2825
2509
2950
3137
2919
2571
1797
789
1
36
574
454
-634
-1837
-2153
-1809
-1671
-1801
-1708
-1088
-529
-409
-352
96
917
1583
1861
2047
2165
2207
2231
2368
2573
2653
2574
2281
1861
1401
1186
1179
1153
929
237
-580
-805
-629
-540
-790
-1189
-1446
-1376
-1179
-1491
-1915
-1911
-2053
-2464
-2978
-3416
-3500
-3296
-3377
-3847
-4197
-4350
-4390
-4463
-4449
-4144
-3807
-3796
-4302
-4793
-4511
-3798
-3338
-3155
-2834
-2540
-2443
-2305
-2141
-2024
-1932
-2033
-2304
-2432
-2577
-2756
-2772
-2763
-2901
-3037
-2898
-2608
-2313
-2099
-1981
-1885
-1873
-1842
-1698
-1529
-1275
-957
-837
-816
-368
236
689
1152
1393
1546
1820
2144
2611
3053
3343
3633
3840
4009
3758
3355
3751
4601
4919
4121
2895
2451
2975
3546
3508
3330
3006
2281
1425
958
1387
1865
1358
128
-665
-600
-268
-351
-468
173
987
1193
1102
1402
2166
2868
3281
3454
3450
3330
3369
3700
3975
3808
3342
2983
2863
2818
2834
2825
2681
2277
1700
1263
990
970
1044
772
514
45
-862
-1177
-828
-303
-212
-872
-1864
-2621
-2666
-2448
-2107
-1979
-2535
-3390
-4115
-3756
-2948
-2861
-3447
-4231
-4588
-4627
-4655
-4736
-4544
-4007
-3667
-3396
-3219
-3206
-3160
-2993
-2879
-2987
-3124
-3349
-3502
-3502
-3619
-3840
-4076
-4276
-4291
-4127
-3852
-3398
-2971
-2821
-2841
-2766
-2390
-2087
-1919
-1753
-1410
-1031
-814
-516
-146
271
687
918
1150
1429
1777
2483
3215
3652
3697
3619
3633
3335
3317
4117
4828
4582
3530
2599
2594
3199
3464
3366
3207
2632
1773
1130
1267
1897
1978
1097
107
-120
128
220
289
694
1339
1575
1319
1318
1895
2685
3272
3591
3606
3479
3437
3682
4078
4180
3951
3652
3454
3296
3221
3275
3264
2984
2483
1898
1592
1912
2373
2340
1736
1153
960
853
676
380
140
-83
-612
-1409
-1812
-1552
-1212
-1300
-1692
-2005
-2090
-2012
-2152
-2572
-2731
-2709
-2751
-2885
-2977
-3100
-3168
-3002
-2809
-2615
-2498
-2533
-2554
-2470
-2409
-2411
-2460
-2467
-2494
-2698
-2660
-2358
-2214
-2281
-2534
-2797
-2739
-2584
-2383
-2085
-1943
-2021
-1965
-1801
-1605
-1296
-936
-570
-291
-54
153
467
808
1034
1314
1690
2000
2370
2739
3150
3544
3813
3832
3874
3798
3575
3972
4875
5205
4358
2971
2340
2679
3251
3332
2977
2569
1854
1044
850
1651
2583
2345
1020
-27
-85
433
669
546
698
1199
1581
1771
2171
2890
3433
3731
3845
3881
3912
3883
4028
4212
4066
3705
3424
3266
3127
3053
3009
2825
2577
2072
1328
1069
1342
1515
1282
718
217
116
174
123
-67
-218
-325
-731
-1409
-2058
-2333
-2328
-2371
-2532
-3036
-3398
-3394
-3513
-3584
-3335
-2954
-2979
-3492
-4191
-4295
-3649
-3023
-2955
-3435
-3885
-3767
-3502
-3216
-2829
-2720
-2873
-3061
-3355
-3429
-3040
-2806
-2899
-3230
-3618
-3761
-3486
-2889
-2470
-2183
-2063
-1893
-1593
-1225
-825
-451
-161
-42
-78
-122
281
898
1267
1462
1533
1594
1775
2037
2307
2622
3050
3270
3322
3151
2548
2398
3235
4051
3775
2518
1576
1875
2769
3191
2897
2354
1575
823
526
966
1824
1930
1009
-194
-569
97
722
895
1039
1544
2034
1951
2051
2751
3467
3944
4234
4442
4431
4378
4474
4903
5236
4861
4243
3803
3539
3301
3231
3250
3004
2496
1966
1741
1834
1827
1637
1361
1166
851
15
-311
521
1169
703
-593
-1696
-1886
-1394
-1012
-1065
-1313
-2426
-4004
-4573
-3720
-2478
-2785
-4400
-5609
-5503
-4656
-4226
-4238
-4270
-4210
-4597
-4927
-4276
-3310
-3121
-3652
-3945
-3748
-3564
-3452
-3105
-2673
-2616
-3041
-3334
-3052
-2660
-2436
-2230
-1949
-1685
-1733
-1784
-1239
-356
120
32
-16
475
849
838
933
1342
1816
1843
1776
1861
1905
2086
2652
3324
3626
3597
3616
3932
4215
3807
3502
4004
4510
3934
2660
2192
2829
3520
3432
2954
2840
2607
2008
1673
2300
3229
3039
1577
380
703
1794
2257
2033
1877
2220
2702
2925
3623
4707
5163
5013
4859
4993
5169
5180
5339
5747
5779
5118
4452
4227
4222
4174
4150
4142
3772
2873
2016
1913
2294
2454
1991
1379
993
608
530
664
909
1035
466
-558
-1193
-919
-522
-572
-915
-1615
-2371
-2884
-2570
-1921
-1984
-2996
-4262
-4845
-4664
-4221
-4046
-4192
-4472
-4956
-5235
-4857
-4136
-3756
-3896
-4277
-4440
-4251
-4097
-4108
-4037
-3983
-4105
-4148
-3947
-3614
-3334
-3089
-2834
-2730
-2842
-2997
-2779
-2182
-1775
-1791
-1937
-1767
-1116
-611
-395
-162
116
380
457
445
609
835
1042
1269
1509
1716
1815
2080
2514
2835
2730
2056
1809
2470
3122
2845
1800
1156
1357
1877
2100
2311
2707
2479
1702
1218
1760
2414
1972
619
-104
489
1141
1199
1026
1109
1629
2002
2130
2694
3393
3602
3704
4029
4274
4293
4451
4758
5136
5163
4567
4086
3831
3680
3670
3697
3659
3221
2403
1884
1905
1989
1558
704
24
-198
-69
28
91
205
268
204
-355
-966
-1310
-1636
-1648
-1603
-1974
-2767
-3197
-2899
-2357
-2230
-2603
-3017
-3369
-3723
-3815
-3578
-3392
-3643
-4089
-4232
-3818
-3254
-2969
-2923
-2808
-2597
-2325
-2115
-2005
-1846
-1840
-2037
-2269
-2345
-2224
-1884
-1509
-1284
-1274
-1412
-1327
-950
-662
-667
-727
-655
-554
-379
-214
-39
156
177
37
138
493
797
1008
1198
1322
1450
1452
1303
1374
1883
2480
2693
2399
1760
1723
2484
3254
3145
2227
1520
1454
2020
2676
2959
2913
2154
1278
958
1400
2055
1934
969
97
194
660
713
593
509
723
958
1081
1463
2186
2686
2666
2680
2850
2920
2982
3033
3195
3232
3089
2888
2702
2529
2414
2501
2589
2291
1685
1156
1024
1315
1450
1109
612
346
249
207
-173
-1150
-1259
-369
-128
-909
-2027
-2521
-2113
-1461
-1478
-2162
-2629
-3137
-3618
-3482
-2700
-1983
-2457
-3867
-4604
-3790
-2557
-2306
-3008
-3568
-3394
-3181
-3061
-2628
-2326
-2531
-2804
-2743
-2560
-2458
-2324
-2165
-2240
-2694
-3303
-3373
-2878
-2445
-2237
-2109
-2035
-2058
-2179
-2146
-1775
-1270
-1084
-1364
-1655
-1457
-955
-724
-746
-767
-795
-739
-527
-259
54
452
774
1052
1151
1241
1539
1915
2121
1795
1163
1173
1924
2465
2181
1659
1533
1810
2164
2373
2708
2902
2439
1667
1316
1850
2601
2562
1811
1303
1585
1948
1834
1720
2114
2614
2694
2560
2811
3412
3827
4059
4359
4358
4004
3839
4147
4439
4119
3677
3552
3506
3246
3033
3184
3312
2883
2070
1347
1156
1316
1348
1174
930
804
672
440
299
-236
-985
-1010
-608
-767
-1618
-2421
-2562
-2049
-1722
-2138
-2635
-2894
-3363
-3690
-3404
-2659
-2598
-3692
-4769
-4681
-3558
-2953
-3378
-4130
-4434
-4226
-4126
-3907
-3342
-3183
-3581
-3904
-3857
-3555
-3284
-3251
-3420
-3543
-3721
-3772
-3526
-3232
-3129
-3202
-3191
-2998
-2809
-2665
-2394
-1925
-1566
-1833
-2473
-2707
-2205
-1622
-1674
-2089
-2344
-2232
-1900
-1385
-855
-543
-507
-562
-506
-295
192
893
1315
1308
1151
806
819
1635
2621
2907
2339
1827
1937
2486
3119
3505
3791
3547
2767
2397
3030
4114
4467
3683
2731
2555
3031
3185
2884
2978
3496
3696
3310
3211
3727
4285
4294
4097
4200
4284
4182
4130
4241
4286
4091
3876
3644
3221
2818
2745
3068
3129
2628
1948
1543
1622
1791
1704
1329
950
770
566
359
456
729
124
-1146
-1338
-754
-569
-985
-1657
-2035
-1888
-1668
-1800
-1919
-2186
-2987
-3534
-3384
-2761
-2662
-3655
-4853
-4962
-4092
-3468
-3590
-4034
-4228
-4163
-4167
-3839
-3120
-3089
-3898
-4349
-4095
-3584
-3222
-3196
-3340
-3382
-3736
-4052
-3727
-3233
-3197
-3488
-3651
-3698
-3811
-3908
-3924
-3699
-3541
-3766
-4002
-3958
-3701
-3528
-3447
-3267
-3171
-3295
-3271
-2787
-2130
-1671
-1502
-1412
-1051
-521
2
623
1133
1494
1664
1572
1878
2726
3212
3100
2916
2878
2948
3166
3490
3847
4094
3705
3001
2793
3199
3697
3832
3491
3156
3117
3224
3372
3535
3726
3793
3595
3393
3629
4142
4583
4836
5137
5429
5558
5684
5780
5756
5482
5160
4942
4694
4206
3646
3349
3286
3179
2864
2404
1971
1815
1865
1842
1636
1278
834
442
214
15
-313
-583
-895
-1430
-1827
-1948
-1817
-1726
-2011
-2449
-2661
-2613
-2773
-3182
-3263
-3045
-2918
-3171
-3500
-3565
-3420
-3220
-3135
-3056
-3008
-3184
-3336
-3347
-3234
-3111
-3192
-3360
-3548
-3752
-3673
-3461
-3348
-3508
-3838
-4077
-4234
-4149
-3863
-3690
-3647
-3738
-3804
-3658
-3396
-3137
-2887
-2918
-3152
-3225
-3032
-2766
-2675
-2703
-2748
-2723
-2428
-2030
-1601
-1314
-1286
-1130
-780
-318
184
554
886
1253
1653
2037
2310
2342
1972
1713
2067
2848
3255
2938
2384
2257
2564
3027
3591
4021
3805
2998
2057
1873
2642
3313
3258
2580
2073
2055
2374
2760
3266
3821
3901
3546
3473
3941
4635
5118
5222
5122
4869
4654
4606
4532
4393
4106
3724
3263
2786
2402
2130
1892
1613
1226
815
346
-54
-205
-154
-84
-272
-694
-1100
-1369
-1484
-1490
-1461
-1556
-1944
-2462
-2718
-2516
-2059
-1765
-1869
-2203
-2317
-2238
-2114
-2038
-2052
-2264
-2688
-3088
-3085
-2774
-2664
-2966
-3340
-3398
-3342
-3384
-3435
-3556
-3787
-3977
-4050
-3997
-3914
-4078
-4475
-4700
-4534
-4237
-4182
-4281
-4410
-4567
-4545
-4414
-4110
-3947
-4063
-4178
-4085
-3731
-3519
-3562
-3639
-3601
-3500
-3420
-3430
-3367
-3166
-2915
-2644
-2295
-2071
-1945
-1709
-1411
-1083
-714
-351
-63
313
817
1321
1768
2210
2533
2853
3146
3218
3319
3613
4033
4291
4243
4125
4077
4067
4125
4461
5042
5390
5338
5080
4799
4701
4812
4851
4855
4766
4619
4487
4317
4340
4668
5261
5779
5938
5900
5881
5833
5873
5811
5697
5616
5332
4904
4406
3927
3528
3031
2663
2285
1878
1603
1192
579
3
-308
-474
-626
-894
-1314
-1695
-1905
-2096
-2273
-2318
-2233
-2088
-1983
-1919
-1949
-2194
-2495
-2535
-2240
-1806
-1686
-1953
-2299
-2565
-2712
-2608
-2415
-2386
-2679
-3130
-3394
-3421
-3350
-3445
-3631
-3665
-3714
-3925
-4076
-4172
-4287
-4591
-5011
-5235
-5251
-5228
-5326
-5397
-5435
-5518
-5497
-5417
-5173
-4942
-4990
-5296
-5616
-5807
-5799
-5693
-5637
-5546
-5515
-5584
-5535
-5307
-4964
-4688
-4688
-4625
-4381
-4103
-3830
-3579
-3250
-3024
-2855
-2459
-1923
-1406
-967
-594
-95
466
918
1418
1921
2402
2814
3081
3410
3870
4263
4456
4622
4795
5004
5281
5618
5917
6080
6156
6116
6002
5977
6087
6213
6233
6028
5835
5846
5942
6013
6082
6069
5801
5518
5316
5319
5513
5725
5870
5991
6090
6124
6120
6016
5873
5597
5198
4819
4406
3966
3476
3004
2498
1886
1312
846
579
504
324
-26
-573
-1112
-1460
-1495
-1484
-1638
-1894
-2056
-2057
-1913
-1666
-1506
-1565
-1701
-1858
-1903
-1733
-1358
-1119
-1236
-1520
-1822
-1921
-1909
-2034
-2369
-2664
-2882
-3045
-3083
-3121
-3295
-3548
-3884
-4264
-4624
-4925
-5170
-5410
-5743
-6125
-6366
-6484
-6559
-6568
-6622
-6854
-7064
-7238
-7402
-7387
-7336
-7263
-7118
-7045
-6876
-6629
-6428
-6263
-6073
-5887
-5808
-5734
-5647
-5592
-5428
-5197
-4972
-4691
-4391
-4123
-3725
-3337
-2960
-2537
-2138
-1612
-1065
-629
-361
-77
315
742
1330
1890
2399
2848
3304
3894
4586
5329
5948
6233
6376
6619
6980
7314
7566
7674
7631
7604
7760
8053
8302
8341
8074
7807
7702
7722
7705
7413
7034
6654
6385
6216
5991
5747
5481
5189
4892
4583
4403
4289
4148
4056
3874
3608
3329
3131
2854
2479
2194
1961
1692
1390
1085
847
695
347
-210
-760
-1192
-1330
-1317
-1315
-1294
-1358
-1459
-1510
-1503
-1387
-1362
-1557
-1831
-2048
-2147
-2289
-2488
-2539
-2531
-2591
-2749
-2864
-2834
-2792
-2895
-3047
-3260
-3540
-3836
-4074
-4279
-4461
-4604
-4755
-4782
-4736
-4766
-4842
-4857
-4961
-5167
-5347
-5479
-5678
-6079
-6407
-6493
-6388
-6280
-6341
-6493
-6550
-6542
-6650
-6822
-6936
-7129
-7328
-7525
-7516
-7389
-7325
-7366
-7311
-7162
-7057
-6890
-6594
-6199
-5832
-5601
-5430
-5099
-4647
-4224
-3830
-3310
-2652
-2063
-1546
-1111
-498
192
776
1389
2017
2626
3150
3641
4110
4637
5240
5699
6114
6548
6893
7183
7444
7646
7730
7835
7970
7961
7978
8029
8156
8284
8204
8033
7894
7739
7514
7343
7161
6835
6563
6362
6197
6063
5913
5709
5470
5299
5165
5074
5137
5070
5058
5203
5324
5428
5406
5201
4829
4463
4107
3763
3457
3125
2749
2338
1816
1318
929
645
351
-79
-459
-874
-1318
-1710
-2050
-2305
-2562
-2778
-2997
-3242
-3524
-3708
-3779
-3950
-4145
-4296
-4330
-4293
-4383
-4448
-4387
-4184
-4030
-4013
-4115
-4225
-4362
-4566
-4756
-4820
-4913
-5020
-5040
-5097
-5044
-4948
-5059
-5210
-5311
-5402
-5463
-5653
-5885
-6013
-6147
-6258
-6234
-6263
-6336
-6361
-6400
-6315
-6149
-6049
-6028
-6056
-6066
-6014
-5770
-5489
-5301
-5167
-4989
-4705
-4328
-3833
-3504
-3225
-2869
-2590
-2261
-1862
-1473
-1110
-812
-462
19
593
1287
1926
2406
2751
3066
3381
3785
4246
4667
4978
5349
5825
6350
6919
7384
7611
7817
8073
8307
8453
8530
8504
8494
8553
8694
8811
8739
8583
8423
8274
8192
8232
8223
8024
7651
7284
7061
6983
6933
6701
6283
5827
5542
5498
5595
5697
5691
5598
5430
5199
4924
4600
4065
3414
2785
2222
1810
1523
1076
477
-162
-880
-1478
-1931
-2316
-2578
-2874
-3177
-3421
-3666
-3839
-4099
-4394
-4602
-4733
-4758
-4761
-4776
-4821
-4934
-5219
-5469
-5602
-5689
-5780
-5791
-5659
-5649
-5774
-5915
-6023
-6008
-5970
-5938
-5951
-6071
-6295
-6445
-6445
-6510
-6508
-6465
-6520
-6501
-6399
-6282
-6164
-6218
-6431
-6640
-6801
-6901
-6863
-6758
-6758
-6842
-6753
-6552
-6319
-6026
-5792
-5634
-5563
-5506
-5371
-5154
-4928
-4706
-4528
-4395
-4306
-4187
-3905
-3500
-3043
-2556
-2186
-1822
-1427
-978
-438
-83
214
640
1125
1649
2207
2843
3454
3991
4540
5041
5606
6093
6472
6923
7326
7790
8275
8780
9386
9725
9860
10213
10544
10845
11091
11139
11123
11134
11106
11036
11024
11009
10848
10589
10273
10010
9882
9739
9430
8923
8450
8118
7693
7292
6891
6305
5668
5051
4432
4005
3819
3632
3517
3337
3027
2707
2334
1993
1621
1168
773
417
137
-90
-397
-705
-1022
-1417
-1749
-2063
-2372
-2686
-3082
-3383
-3560
-3814
-4060
-4295
-4605
-4809
-4822
-4946
-5100
-5187
-5327
-5471
-5531
-5622
-5685
-5726
-5909
-6009
-5974
-6065
-6116
-6120
-6147
-6103
-5908
-5779
-5764
-5856
-6056
-6283
-6453
-6522
-6537
-6544
-6688
-6810
-6717
-6785
-6895
-6958
-7124
-7241
-7230
-7217
-7098
-6897
-6681
-6486
-6329
-6090
-5917
-5833
-5816
-6004
-6175
-6143
-5949
-5575
-5185
-4897
-4710
-4517
-4190
-3739
-3178
-2530
-2061
-1697
-1260
-918
-556
-68
345
712
1254
1861
2560
3259
3828
4363
4866
5357
5788
6293
6773
7166
7634
8084
8602
9124
9546
9835
10001
10177
10307
10520
10718
10812
10719
10395
10092
10008
10189
10424
10504
10383
10033
9596
9195
8917
8672
8321
7907
7429
6973
6722
6522
6325
6086
5606
5075
4673
4442
4371
4393
4358
4102
3737
3416
3134
2955
2779
2366
1812
1342
1029
820
618
282
-241
-909
-1572
-2008
-2285
-2485
-2623
-2861
-3245
-3603
-3877
-4223
-4531
-4833
-5109
-5222
-5349
-5433
-5450
-5422
-5434
-5541
-5814
-6096
-6154
-6229
-6251
-6241
-6373
-6488
-6612
-6761
-6829
-6821
-6873
-7073
-7280
-7450
-7452
-7365
-7511
-7640
-7717
-7884
-7888
-7876
-7862
-7801
-7762
-7712
-7561
-7417
-7363
-7292
-7215
-7036
-6782
-6543
-6299
-5999
-5673
-5319
-4941
-4581
-4276
-3955
-3695
-3463
-3055
-2650
-2296
-1977
-1552
-1052
-584
-254
31
353
774
1266
1672
2076
2553
3065
3543
4061
4603
5059
5529
5984
6417
6795
7175
7628
8020
8381
8645
8885
9152
9346
9467
9589
9753
9884
9951
10019
10124
10343
10429
10355
10294
10109
9787
9546
9360
9267
9281
9290
9144
8941
8767
8521
8240
7882
7549
7203
6733
6301
5894
5472
5129
4771
4439
4140
3811
3427
3129
2907
2711
2466
2086
1748
1426
1073
707
327
1
-308
-613
-854
-1153
-1564
-2006
-2549
-3060
-3550
-3968
-4393
-4850
-5268
-5664
-6004
-6202
-6278
-6323
-6464
-6647
-6738
-6893
-7002
-7066
-7246
-7380
-7375
-7328
-7288
-7319
-7295
-7177
-7052
-6875
-6699
-6559
-6590
-6674
-6761
-6813
-6776
-6669
-6564
-6462
-6463
-6497
-6476
-6384
-6195
-6017
-5937
-5863
-5765
-5611
-5493
-5465
-5342
-5184
-5086
-4856
-4618
-4369
-4067
-3849
-3683
-3529
-3353
-3093
-2823
-2534
-2250
-2065
-1712
-1265
-870
-454
-29
443
911
1252
1521
1882
2296
2576
2896
3235
3530
3870
4256
4688
5144
5595
5907
6181
6534
6830
7074
7309
7528
7713
7800
7869
8051
8297
8515
8630
8722
8903
9013
9102
9232
9302
9424
9500
9473
9381
9205
9019
8864
8674
8512
8566
8554
8326
8085
7764
7380
7056
6772
6406
6052
5726
5298
4914
4636
4363
4002
3655
3161
2552
2111
1786
1497
1286
1040
689
386
130
-127
-453
-794
-1058
-1504
-1945
-2228
-2519
-2822
-3200
-3672
-4236
-4735
-5120
-5443
-5671
-5836
-6056
-6271
-6459
-6657
-6868
-7004
-7073
-7197
-7182
-7082
-7084
-7025
-6979
-6935
-6929
-6980
-7007
-6998
-6805
-6527
-6334
-6110
-5827
-5664
-5618
-5482
-5306
-5089
-4866
-4749
-4641
-4523
-4362
-4306
-4165
-3970
-3893
-3837
-3778
-3715
-3572
-3366
-3244
-3113
-2822
-2580
-2555
-2504
-2357
-2164
-1951
-1745
-1542
-1466
-1342
-1134
-906
-669
-445
-259
-78
201
512
823
1178
1539
1891
2164
2416
2758
3102
3333
3585
3923
4289
4653
4953
5208
5416
5518
5573
5668
5756
5847
5968
6130
6235
6369
6631
6841
7001
7156
7228
7213
7227
7230
7307
7387
7334
7193
7074
7026
7035
7135
7243
7317
7294
6961
6606
6371
6150
6014
5887
5733
5557
5235
4886
4618
4357
4121
3744
3404
2954
2510
2282
1918
1476
1090
600
103
-351
-720
-923
-1037
-1187
-1338
-1587
-1822
-2026
-2290
-2628
-3158
-3720
-4174
-4548
-4858
-5141
-5355
-5614
-5922
-6213
-6449
-6610
-6650
-6697
-6786
-6831
-6860
-6986
-7076
-7173
-7339
-7350
-7312
-7231
-7108
-6946
-6814
-6721
-6618
-6480
-6426
-6401
-6192
-5842
-5495
-5189
-4881
-4758
-4733
-4695
-4666
-4534
-4243
-3987
-3697
-3459
-3247
-2934
-2657
-2454
-2346
-2256
-2097
-1926
-1812
-1616
-1313
-1202
-1122
-929
-685
-416
-70
173
448
790
1122
1504
1869
2211
2492
2731
2962
3093
3279
3570
3847
4163
4475
4700
4988
5319
5475
5602
5663
5758
5879
5931
6020
6088
6084
6128
6198
6327
6440
6550
6649
6685
6709
6785
6829
6736
6612
6504
6282
6075
5932
5783
5665
5646
5710
5720
5684
5564
5358
5164
4958
4709
4462
4315
4141
3969
3840
3649
3484
3338
3137
2985
2811
2565
2385
2135
1780
1374
975
630
301
-14
-294
-584
-934
-1156
-1330
-1595
-1916
-2316
-2760
-3053
-3254
-3475
-3650
-3806
-3947
-4078
-4296
-4492
-4600
-4691
-4852
-5087
-5282
-5402
-5500
-5717
-6042
-6339
-6574
-6648
-6638
-6547
-6411
-6414
-6455
-6500
-6569
-6567
-6561
-6524
-6419
-6244
-5999
-5790
-5628
-5463
-5248
-4988
-4795
-4706
-4569
-4450
-4261
-3980
-3756
-3482
-3148
-2940
-2750
-2525
-2275
-1970
-1687
-1486
-1246
-1016
-870
-705
-594
-491
-297
-165
3
211
338
414
511
631
732
899
1152
1350
1599
1746
1840
1926
2032
2169
2363
2636
2859
3051
3179
3241
3255
3193
3225
3413
3639
3831
4030
4222
4221
4212
4292
4326
4390
4468
4569
4741
4924
4950
4927
4838
4633
4483
4424
4399
4452
4551
4526
4533
4533
4502
4418
4225
3917
3631
3409
3233
3154
3159
3117
3133
3145
3016
2939
2887
2745
2617
2536
2461
2414
2276
2088
1906
1670
1493
1445
1415
1421
1406
1183
989
767
380
110
-71
-391
-766
-1076
-1360
-1627
-1860
-2008
-2250
-2604
-2935
-3187
-3476
-3679
-3770
-3838
-4006
-4221
-4425
-4543
-4640
-4797
-4928
-5104
-5210
-5229
-5278
-5205
-5218
-5416
-5553
-5748
-5930
-5895
-5715
-5478
-5213
-4910
-4710
-4532
-4365
-4168
-3962
-3825
-3596
-3426
-3269
-2983
-2744
-2553
-2374
-2296
-2257
-2063
-1875
-1625
-1392
-1188
-948
-766
-660
-540
-407
-270
-162
-55
62
216
401
552
660
780
955
1097
1175
1380
1438
1455
1562
1612
1654
1707
1775
1863
1915
1984
2100
2214
2393
2494
2491
2505
2462
2449
2449
2415
2403
2459
2521
2519
2602
2746
2809
2867
2776
2678
2649
2625
2669
2661
2610
2499
2409
2405
2480
2530
2567
2630
2640
2594
2568
2591
2529
2420
2286
2159
2123
2080
2077
2000
1864
1747
1634
1569
1515
1454
1357
1251
1113
1069
1120
1111
909
730
604
476
443
390
296
260
120
15
-64
-186
-269
-425
-723
-996
-1162
-1292
-1432
-1659
-1904
-2112
-2283
-2446
-2579
-2686
-2807
-2973
-3090
-3205
-3379
-3497
-3708
-3986
-4218
-4380
-4541
-4616
-4598
-4693
-4756
-4697
-4670
-4745
-4868
-4878
-4876
-4860
-4792
-4765
-4704
-4504
-4271
-4042
-3861
-3638
-3381
-3247
-3119
-2940
-2789
-2605
-2295
-2020
-1746
-1516
-1347
-1201
-1082
-931
-749
-635
-532
-383
-253
-73
112
244
368
484
589
761
938
1060
1112
1144
1192
1290
1465
1714
1919
2073
2073
2086
2242
2245
2240
2250
2247
2286
2306
2354
2472
2502
2459
2468
2385
2323
2352
2344
2421
2467
2511
2544
2471
2447
2368
2270
2191
2080
1976
1901
1790
1642
1503
1496
1516
1587
1594
1544
1572
1524
1507
1559
1570
1556
1576
1535
1377
1387
1364
1210
1226
1231
1211
1262
1372
1308
1169
1121
1092
1168
1115
1110
1200
1164
1263
1351
1291
1318
1357
1392
1429
1470
1529
1546
1533
1422
1267
1108
1035
1039
1059
1004
946
874
728
653
501
324
152
-147
-378
-555
-715
-759
-823
-961
-1087
-1212
-1263
-1362
-1553
-1697
-1821
-2011
-2165
-2272
-2365
-2376
-2384
-2409
-2373
-2312
-2269
-2197
-2141
-2091
-1982
-1934
-1977
-2043
-2162
-2199
-2124
-1999
-1952
-1925
-1882
-1965
-1984
-1928
-1831
-1614
-1392
-1164
-1002
-930
-1040
-1130
-1143
-1243
-1314
-1275
-1141
-920
-748
-639
-552
-522
-452
-377
-333
-249
-226
-294
-306
-312
-289
-231
-116
27
85
134
165
133
119
62
53
69
66
102
186
270
366
413
470
547
508
435
430
387
371
422
477
569
624
620
743
801
794
853
863
839
865
858
860
888
795
661
606
532
479
506
485
441
453
477
513
518
554
590
552
466
369
292
186
104
12
-133
-157
-60
-37
9
40
6
21
4
52
113
77
100
143
150
144
169
224
324
488
635
687
711
680
606
579
551
594
670
642
655
557
463
526
530
511
496
456
380
341
322
202
147
43
-83
-123
-164
-160
-73
-8
-8
-48
-97
-149
-214
-246
-311
-394
-353
-283
-218
-12
131
150
304
329
216
165
213
242
272
295
190
46
-51
-120
-145
-162
-179
-265
-452
-556
-687
-857
-966
-1146
-1327
-1306
-1228
-1254
-1186
-1091
-1068
-1052
-1067
-1076
-1053
-1007
-920
-818
-704
-548
-447
-417
-412
-414
-454
-525
-633
-656
-601
-471
-406
-413
-358
-265
-207
-256
-396
-526
-566
-535
-567
-615
-609
-613
-665
-762
-819
-807
-855
-919
-904
-852
-851
-867
-859
-906
-1014
-1112
-1161
-1217
-1160
-1088
-1000
-830
-697
-545
-455
-406
-398
-391
-416
-511
-480
-457
-422
-324
-292
-254
-199
-141
-60
36
92
111
108
167
335
535
605
656
720
759
791
821
822
839
828
817
833
839
903
989
1088
1122
1166
1214
1237
1209
1149
1048
954
889
870
917
1012
1035
1024
1026
1004
926
931
918
921
915
896
877
821
834
852
940
998
975
956
940
883
769
776
755
690
683
745
849
890
823
655
541
463
331
244
190
136
59
-37
-146
-159
-225
-422
-573
-726
-904
-1028
-1132
-1258
-1368
-1433
-1449
-1492
-1588
-1583
-1650
-1717
-1707
-1755
-1776
-1797
-1827
-1835
-1801
-1694
-1561
-1526
-1469
-1393
-1395
-1331
-1261
-1304
-1301
-1278
-1299
-1276
-1265
-1307
-1226
-1128
-1154
-1122
-1066
-1025
-857
-721
-691
-658
-701
-785
-806
-804
-826
-840
-799
-741
-735
-634
-473
-384
-381
-396
-412
-444
-457
-487
-427
-349
-279
-184
-26
77
138
272
413
533
628
674
722
826
892
981
1006
914
952
1054
1088
1208
1336
1407
1579
1783
1936
2013
2054
2086
2136
2107
2056
2096
2142
2126
2032
2026
2070
2053
2120
2201
2229
2313
2343
2232
2026
1793
1667
1533
1500
1572
1637
1692
1770
1850
1788
1644
1469
1311
1221
1188
1188
1181
1167
1117
1095
1024
956
902
849
765
608
461
325
268
212
95
-45
-199
-307
-230
-174
-195
-127
-120
-224
-360
-504
-606
-794
-977
-1007
-1143
-1244
-1200
-1229
-1284
-1318
-1346
-1391
-1443
-1456
-1512
-1573
-1637
-1731
-1798
-1880
-1957
-1934
-1858
-1783
-1699
-1540
-1429
-1443
-1533
-1577
-1671
-1729
-1729
-1759
-1701
-1611
-1543
-1504
-1537
-1513
-1500
-1449
-1366
-1355
-1305
-1209
-1147
-1039
-932
-900
-928
-911
-905
-928
-945
-929
-897
-907
-918
-909
-878
-920
-939
-921
-916
-867
-712
-596
-582
-462
-329
-284
-273
-317
-363
-398
-371
-306
-225
-144
-41
-3
4
25
112
201
232
238
178
178
239
291
301
326
367
424
651
904
1014
1150
1227
1295
1370
1455
1553
1690
1726
1791
1868
1884
1992
2038
2111
2248
2301
2357
2417
2411
2400
2418
2354
2268
2226
2216
2300
2401
2453
2547
2525
2437
2332
2147
1979
1844
1748
1693
1598
1592
1582
1470
1329
1254
1254
1160
1035
942
780
592
460
250
17
-70
-168
-195
-179
-206
-200
-244
-380
-537
-661
-854
-1026
-1207
-1385
-1393
-1351
-1377
-1457
-1592
-1665
-1689
-1750
-1815
-1980
-2097
-2196
-2331
-2400
-2454
-2398
-2388
-2461
-2459
-2497
-2437
-2348
-2347
-2231
-2106
-2056
-1902
-1800
-1767
-1666
-1548
-1455
-1464
-1513
-1532
-1474
-1415
-1301
-1288
-1241
-1105
-983
-824
-592
-413
-305
-273
-285
-268
-251
-220
-171
-199
-153
-53
46
201
299
325
320
325
307
275
348
430
474
472
478
477
455
432
407
473
585
572
610
734
772
802
865
893
901
897
844
764
792
827
843
832
768
697
777
882
1078
1212
1195
1179
1206
1183
1127
1188
1187
1204
1262
1272
1332
1376
1452
1500
1547
1534
1477
1330
1165
1140
1184
1262
1399
1414
1410
1429
1347
1279
1197
1208
1223
1207
1126
1044
933
859
779
710
669
664
628
684
689
556
447
336
254
66
-91
-106
-114
-167
-195
-213
-307
-395
-421
-544
-594
-620
-727
-793
-884
-1026
-1239
-1432
-1556
-1718
-1790
-1800
-1862
-1884
-1872
-1894
-1914
-1975
-2047
-2110
-2162
-2104
-2053
-2117
-2114
-2018
-2031
-2096
-2086
-2022
-1920
-1844
-1760
-1676
-1637
-1536
-1348
-1251
-1196
-1111
-1080
-1002
-929
-833
-675
-574
-483
-271
-50
82
182
305
407
487
580
636
703
799
920
1030
1118
1194
1258
1207
1136
1145
1159
1198
1259
1328
1386
1436
1482
1553
1575
1538
1522
1523
1589
1699
1737
1730
1720
1714
1704
1671
1710
1862
1882
1846
1824
1691
1572
1496
1491
1485
1416
1304
1230
1255
1324
1401
1428
1470
1491
1500
1520
1469
1451
1403
1321
1343
1287
1204
1121
1012
1009
1017
1025
1113
1158
1075
1064
1030
930
879
894
832
762
804
818
860
834
720
668
571
457
408
359
319
311
285
248
125
-2
-84
-294
-520
-653
-681
-727
-795
-786
-880
-889
-982
-1185
-1352
-1484
-1565
-1580
-1643
-1650
-1641
-1665
-1748
-1787
-1748
-1765
-1811
-1909
-2082
-2229
-2280
-2289
-2232
-2182
-2146
-2092
-2053
-1963
-1851
-1794
-1695
-1615
-1605
-1637
-1607
-1567
-1531
-1424
-1363
-1323
-1281
-1234
-1106
-916
-733
-618
-608
-659
-757
-763
-751
-767
-731
-720
-647
-442
-157
32
172
273
332
468
601
649
717
691
654
720
790
897
1084
1321
1522
1613
1660
1646
1684
1708
1728
1834
1960
2060
2213
2329
2427
2518
2559
2553
2570
2663
2731
2714
2731
2742
2698
2682
2662
2599
2517
2390
2311
2305
2325
2302
2251
2149
2081
2052
1984
1936
1841
1765
1686
1548
1546
1578
1608
1562
1463
1325
1139
1015
854
724
660
578
487
378
298
283
278
219
174
66
-114
-264
-308
-338
-400
-537
-676
-780
-905
-1016
-1153
-1214
-1260
-1269
-1314
-1319
-1290
-1352
-1488
-1628
-1725
-1878
-1966
-1943
-1981
-2000
-2015
-2017
-1944
-1890
-1810
-1737
-1779
-1725
-1587
-1530
-1489
-1424
-1426
-1397
-1347
-1346
-1241
-1123
-1084
-1056
-1006
-911
-921
-898
-921
-979
-1011
-976
-903
-789
-681
-640
-633
-567
-536
-503
-403
-324
-276
-245
-214
-216
-236
-143
-16
-1
70
38
44
138
192
299
361
337
436
524
683
901
1003
1131
1218
1254
1311
1282
1351
1463
1476
1460
1504
1565
1618
1720
1808
1778
1750
1809
1814
1732
1663
1633
1635
1709
1763
1779
1911
1952
1938
2031
2042
1967
1863
1799
1712
1639
1633
1608
1551
1438
1363
1235
1142
1096
1002
944
845
754
666
622
597
601
656
661
591
583
477
288
171
136
110
107
52
-48
-153
-304
-384
-425
-501
-605
-768
-855
-868
-860
-920
-986
-1019
-1152
-1262
-1410
-1570
-1676
-1779
-1916
-1948
-1955
-1864
-1733
-1788
-1929
-2060
-2169
-2297
-2367
-2365
-2270
-2251
-2252
-2194
-2153
-2131
-2171
-2249
-2193
-2113
-2010
-1852
-1756
-1830
-1894
-1892
-1896
-1816
-1708
-1544
-1448
-1449
-1420
-1397
-1358
-1356
-1380
-1371
-1394
-1413
-1313
-1257
-1275
-1293
-1264
-1120
-944
-826
-736
-746
-728
-683
-621
-493
-429
-429
-327
-193
-31
196
405
554
682
800
859
958
1004
1047
1075
1040
1155
1269
1279
1426
1630
1801
1913
1936
1992
2021
2106
2146
2092
2110
2141
2113
2157
2222
2229
2322
2369
2330
2361
2414
2432
2453
2319
2073
1908
1872
1877
1913
1960
1973
2005
2037
2068
2082
2102
2180
2116
2035
1968
1801
1638
1513
1398
1327
1264
1202
1108
1029
946
827
774
718
707
687
635
654
638
541
384
251
147
61
-13
-47
-97
-102
-119
-220
-242
-354
-558
-646
-819
-992
-1070
-1153
-1161
-1183
-1228
-1261
-1329
-1323
-1267
-1328
-1510
-1694
-1820
-1906
-1943
-1965
-2035
-2060
-1993
-1917
-1880
-1867
-1914
-1993
-1999
-2055
-2212
-2250
-2246
-2238
-2123
-2027
-1996
-1901
-1804
-1670
-1581
-1520
-1526
-1555
-1488
-1392
-1339
-1375
-1342
-1295
-1320
-1261
-1185
-1086
-986
-949
-932
-958
-1057
-1099
-1020
-932
-777
-602
-420
-347
-292
-165
-114
-66
81
155
181
309
412
516
638
630
671
838
934
1034
1185
1231
1208
1271
1295
1281
1248
1231
1210
1151
1095
1152
1244
1249
1323
1347
1323
1394
1444
1391
1311
1182
1042
1004
890
885
996
1009
1024
1006
1073
1124
1107
1021
960
1009
902
804
775
872
922
797
762
760
724
766
857
862
770
688
640
566
479
410
288
135
-32
-163
-223
-241
-188
-200
-259
-247
-247
-271
-333
-449
-547
-679
-780
-856
-836
-813
-769
-709
-770
-758
-748
-756
-682
-738
-840
-889
-966
-1019
-1070
-1036
-981
-950
-823
-708
-680
-763
-930
-1043
-1148
-1126
-1030
-1016
-925
-797
-719
-696
-722
-759
-820
-879
-879
-900
-881
-861
-904
-931
-942
-941
-881
-783
-677
-590
-551
-510
-479
-442
-471
-477
-431
-408
-341
-340
-345
-373
-515
-528
-548
-628
-617
-534
-418
-378
-294
-269
-247
-192
-183
-111
-61
-28
49
114
209
300
258
253
386
480
574
657
743
792
825
772
709
710
661
681
721
842
989
1004
1061
1025
983
1010
1055
1157
1249
1283
1404
1508
1515
1526
1507
1458
1360
1200
1169
1182
1186
1218
1244
1225
1180
1070
1022
976
956
899
861
938
930
822
686
546
455
519
576
660
729
658
536
401
272
74
-64
-101
-79
0
83
83
52
-57
-227
-369
-358
-308
-338
-258
-254
-213
-185
-202
-237
-255
-319
-338
-251
-233
-320
-423
-530
-685
-813
-891
-932
-920
-862
-720
-632
-511
-336
-301
-354
-477
-647
-750
-777
-820
-824
-775
-687
-671
-599
-458
-331
-202
-77
-2
31
-38
-121
-193
-349
-483
-486
-403
-273
-118
85
271
343
379
304
267
322
221
159
198
196
221
232
152
143
191
296
385
400
422
405
409
461
451
369
322
337
395
512
512
471
540
567
602
584
591
717
818
994
1091
963
918
911
867
879
837
692
651
729
800
791
792
823
789
803
752
773
849
854
791
745
680
608
655
683
612
501
373
267
114
54
75
-18
-36
-21
-58
-151
-231
-305
-413
-453
-451
-502
-559
-616
-670
-686
-679
-649
-684
-705
-697
-731
-808
-906
-975
-1105
-1225
-1248
-1243
-1254
-1137
-954
-904
-966
-969
-976
-903
-825
-804
-766
-785
-771
-722
-754
-762
-727
-744
-763
-757
-684
-542
-526
-508
-528
-670
-776
-873
-961
-903
-916
-949
-782
-702
-600
-444
-368
-312
-398
-473
-525
-560
-578
-580
-518
-456
-386
-300
-207
-180
-163
-55
29
60
170
162
89
139
131
39
-1
37
37
20
57
81
163
238
280
303
253
170
49
-45
-143
-205
-241
-329
-407
-429
-490
-496
-431
-396
-512
-586
-541
-560
-648
-765
-852
-934
-933
-847
-794
-762
-671
-657
-656
-633
-696
-721
-636
-613
-622
-660
-716
-868
-1004
-1111
-1128
-1092
-1107
-1112
-1037
-917
-910
-986
-1021
-1026
-1102
-1137
-1155
-1112
-990
-946
-832
-785
-836
-879
-959
-1029
-1038
-1065
-1050
-1066
-1025
-956
-935
-913
-871
-743
-597
-506
-355
-309
-356
-386
-412
-373
-323
-351
-328
-207
-21
36
32
-28
-72
-92
-41
62
120
126
102
33
108
196
319
352
321
330
336
417
376
355
399
419
474
535
557
524
544
534
470
469
514
520
488
535
658
647
649
779
848
839
763
638
590
592
645
709
764
780
772
849
912
925
944
1022
1098
1077
1015
962
873
767
661
664
813
931
1011
1097
1152
1183
1136
1049
1008
929
889
908
926
935
930
882
848
717
591
483
376
352
329
330
250
216
330
349
285
284
269
271
263
285
354
345
188
44
-18
-34
-53
-86
-122
-131
-190
-298
-333
-371
-460
-560
-624
-788
-891
-808
-760
-674
-605
-642
-734
-820
-909
-1001
-1057
-1102
-1043
-984
-978
-991
-1049
-1189
-1307
-1363
-1348
-1269
-1177
-1174
-1318
-1437
-1477
-1510
-1443
-1334
-1217
-1163
-1120
-1041
-1021
-1062
-1125
-1163
-1173
-1112
-1063
-1063
-999
-879
-805
-854
-853
-847
-910
-926
-918
-875
-819
-795
-805
-723
-662
-675
-704
-655
-599
-491
-379
-285
-154
-127
-130
-24
93
130
170
305
418
438
466
464
399
398
416
462
545
578
600
644
619
660
745
806
905
917
900
805
819
883
850
831
853
914
932
978
1036
1081
1091
1116
1135
1102
1076
1024
945
867
771
659
556
592
655
725
731
672
607
606
647
623
586
515
444
376
220
19
-225
-481
-611
-639
-634
-527
-392
-281
-227
-250
-399
-597
-654
-696
-762
-780
-738
-719
-753
-665
-526
-492
-535
-474
-381
-400
-458
-464
-523
-700
-883
-946
-924
-812
-715
-627
-480
-454
-476
-460
-480
-536
-665
-797
-787
-716
-595
-512
-479
-394
-379
-414
-430
-382
-399
-490
-550
-563
-551
-555
-575
-629
-637
-655
-648
-630
-612
-473
-306
-213
-185
-173
-145
-227
-378
-479
-591
-580
-427
-300
-166
-48
-19
-4
21
-3
-38
-46
-41
-60
-96
-150
-87
49
16
67
232
313
441
580
605
637
580
470
368
370
411
396
390
298
218
257
313
409
594
656
706
692
646
555
511
446
399
393
390
444
555
651
701
757
771
684
637
648
519
360
390
428
398
383
404
504
607
608
617
676
703
599
460
360
284
184
84
115
188
226
252
180
206
235
168
90
-21
-110
-129
-172
-312
-369
-371
-379
-377
-355
-353
-392
-362
-316
-311
-269
-244
-231
-190
-142
-67
-59
-20
65
83
125
168
149
99
0
-32
12
71
101
41
2
-8
-22
53
105
167
227
201
163
75
20
29
-38
-172
-258
-384
-370
-260
-197
-150
-93
-28
15
63
90
101
-19
-107
-140
-162
-122
-67
33
117
184
235
306
262
160
116
-11
-128
-67
-12
2
98
246
281
308
304
245
222
195
182
264
354
380
378
455
495
520
657
730
741
798
827
847
920
975
1060
1077
1057
1003
930
882
835
819
789
787
813
941
1040
1108
1106
1090
1102
1022
1022
988
882
860
846
867
948
943
940
990
943
838
769
701
717
792
875
922
874
864
850
819
742
702
635
543
531
446
285
347
427
442
492
388
288
175
115
121
50
37
88
64
83
71
7
-19
4
7
-30
-58
-95
-178
-207
-251
-315
-350
-317
-242
-151
-118
-162
-142
-163
-222
-229
-353
-467
-440
-424
-441
-459
-455
-479
-528
-504
-444
-430
-390
-357
-357
-332
-256
-191
-203
-249
-259
-241
-208
-158
-70
72
166
152
109
130
103
129
189
112
62
70
25
113
258
377
537
657
783
804
752
731
635
532
451
347
311
406
455
470
461
507
526
529
586
473
441
426
360
304
237
141
55
48
26
15
111
208
256
364
362
286
255
141
23
-35
-164
-292
-281
-274
-218
-148
-62
84
126
103
-3
-176
-306
-449
-515
-461
-451
-409
-344
-303
-145
-33
3
95
77
-24
-99
-194
-288
-387
-445
-469
-451
-309
-123
84
203
289
349
322
300
234
152
176
161
148
134
89
172
246
282
453
493
481
518
508
408
305
274
330
371
361
358
374
429
501
596
722
780
717
711
833
894
950
977
1028
1081
1064
1033
1112
1184
1273
1360
1347
1304
1256
1223
1175
1210
1282
1309
1347
1375
1361
1360
1331
1308
1253
1234
1187
1021
892
850
736
678
652
602
610
685
666
580
586
594
571
505
483
506
520
455
356
296
263
219
173
140
147
134
101
49
33
-47
-142
-220
-327
-278
-227
-153
-94
-19
4
-36
-34
-11
-37
-47
-48
-136
-242
-275
-328
-339
-211
-72
2
19
45
-2
-6
35
56
28
-62
-117
-205
-247
-173
-249
-270
-194
-282
-386
-354
-240
-207
-272
-271
-343
-477
-485
-415
-368
-360
-288
-194
-166
-170
-176
-180
-131
-93
-141
-88
-119
-159
-120
-106
-115
-89
-43
9
131
167
190
291
282
249
252
169
77
54
18
-45
-33
-1
-50
-113
-131
-166
-124
-73
-92
-92
-47
-20
-125
-183
-169
-197
-209
-213
-140
39
149
197
234
216
143
94
125
118
99
88
100
73
33
86
191
225
182
231
294
237
146
176
236
234
246
257
345
394
378
462
480
458
554
476
369
348
240
208
248
298
314
386
458
445
554
681
682
749
841
851
813
813
731
600
593
600
624
620
609
639
628
614
662
597
513
544
540
527
578
535
570
525
411
404
339
267
164
118
113
80
-22
-94
-129
-149
-175
-178
-118
-50
-150
-272
-360
-438
-529
-625
-719
-697
-606
-508
-359
-342
-443
-599
-747
-865
-917
-990
-1101
-1109
-1131
-1144
-1043
-978
-1008
-1003
-1015
-1057
-1144
-1140
-1091
-1096
-1027
-823
-688
-629
-571
-541
-578
-681
-751
-780
-787
-677
-587
-516
-427
-356
-270
-328
-368
-421
-441
-304
-192
-144
-155
-188
-208
-203
-164
-119
-97
-41
1
-13
-44
30
59
83
144
180
259
299
339
414
455
483
516
460
413
432
434
501
569
551
528
434
382
406
322
310
356
367
363
282
236
197
231
315
214
221
336
319
239
123
88
88
107
121
47
16
-26
-30
-22
-12
90
166
302
406
357
294
229
144
61
-91
-180
-163
-176
-126
-71
-101
-101
-114
-147
-184
-223
-327
-390
-375
-376
-374
-396
-307
-229
-179
-75
-89
-83
-83
-168
-308
-394
-375
-342
-323
-208
-153
-211
-286
-439
-626
-737
-868
-968
-945
-926
-846
-751
-714
-724
-772
-792
-881
-909
-810
-761
-680
-582
-525
-416
-312
-296
-255
-196
-181
-15
144
231
307
343
337
321
307
224
142
47
-43
-145
-250
-305
-365
-399
-424
-433
-539
-673
-680
-693
-758
-750
-764
-851
-862
-896
-866
-807
-784
-670
-511
-396
-311
-263
-258
-267
-257
-190
-142
-104
8
163
266
364
449
454
527
543
577
613
563
491
513
474
368
391
421
428
501
591
601
613
750
805
726
653
583
452
354
392
443
463
585
680
714
769
855
794
741
647
458
402
373
334
346
278
186
150
148
223
370
485
563
617
632
613
437
282
95
-129
-188
-184
-159
-100
-43
68
114
47
20
-50
-40
-49
-167
-176
-246
-408
-464
-465
-478
-481
-373
-175
22
153
174
147
59
-72
-187
-320
-440
-586
-661
-651
-639
-640
-610
-637
-612
-573
-614
-681
-779
-858
-924
-1033
-1140
-1177
-1228
-1196
-1186
-1158
-1032
-1035
-1085
-1145
-1215
-1296
-1359
-1477
-1533
-1571
-1612
-1542
-1414
-1299
-1229
-1117
-1018
-1043
-1055
-1137
-1169
-1219
-1292
-1256
-1206
-1152
-1172
-1123
-1047
-1019
-965
-987
-956
-936
-1041
-1139
-1207
-1218
-1216
-1210
-1131
-1008
-934
-859
-754
-712
-617
-413
-311
-287
-312
-374
-403
-378
-276
-101
70
100
162
227
207
177
120
113
106
109
128
224
349
378
381
482
507
468
438
468
486
447
402
327
281
268
337
394
356
346
331
307
395
453
451
485
444
398
348
363
388
385
441
474
515
562
575
491
429
399
322
313
303
162
76
8
-94
-102
-139
-167
-31
23
-21
-26
20
61
50
14
-31
-58
-151
-249
-274
-269
-299
-289
-258
-221
-169
-151
-164
-170
-160
-237
-347
-411
-509
-534
-408
-317
-288
-269
-268
-313
-292
-340
-366
-300
-275
-246
-300
-340
-318
-291
-185
-105
22
160
260
329
388
478
550
555
598
564
499
559
572
544
565
549
526
493
503
475
454
469
451
439
386
281
246
271
214
151
66
1
-53
-265
-478
-591
-677
-709
-662
-679
-649
-580
-620
-725
-868
-949
-948
-1051
-1127
-1197
-1239
-1144
-1070
-1015
-886
-760
-799
-853
-862
-919
-998
-1080
-1138
-1162
-1142
-1189
-1174
-1107
-1149
-1146
-1061
-915
-810
-703
-631
-636
-609
-656
-748
-746
-826
-833
-779
-754
-669
-621
-630
-616
-553
-542
-564
-562
-567
-627
-696
-701
-686
-617
-517
-487
-391
-188
-73
-40
-89
-245
-359
-549
-698
-816
-848
-813
-747
-685
-656
-626
-551
-435
-414
-470
-366
-289
-276
-273
-382
-556
-670
-683
-628
-541
-382
-290
-294
-338
-365
-460
-519
-537
-626
-668
-654
-637
-637
-552
-446
-350
-305
-253
-235
-267
-326
-497
-629
-681
-696
-633
-602
-572
-575
-522
-469
-429
-392
-447
-502
-504
-537
-624
-677
-717
-742
-755
-724
-552
-433
-304
-165
-157
-187
-215
-248
-251
-250
-328
-366
-369
-335
-327
-317
-265
-200
-87
-14
-38
-57
-113
-218
-292
-265
-149
-94
-11
70
121
140
106
131
64
-41
-13
-1
10
52
125
161
170
223
171
91
139
172
114
80
-14
-85
-209
-277
-272
-293
-334
-396
-392
-362
-414
-532
-649
-749
-846
-914
-1005
-1087
-1111
-1111
-1117
-1131
-1114
-1096
-1018
-988
-956
-938
-962
-929
-956
-991
-981
-983
-996
-944
-873
-836
-830
-772
-733
-663
-606
-575
-540
-531
-527
-596
-676
-739
-780
-743
-584
-451
-337
-233
-124
-13
96
145
153
180
120
53
38
-42
-27
76
163
316
469
611
783
805
785
810
769
676
630
603
580
607
638
701
756
734
706
750
744
637
566
534
487
401
338
349
376
361
361
346
322
273
243
220
192
193
198
170
103
43
30
87
100
117
130
53
47
91
104
83
-29
-68
-41
-96
-88
-197
-304
-342
-376
-427
-470
-465
-368
-295
-298
-363
-436
-508
-588
-593
-566
-519
-493
-423
-373
-409
-411
-336
-281
-307
-348
-335
-358
-386
-399
-382
-433
-529
-590
-630
-678
-721
-748
-759
-701
-630
-610
-622
-656
-654
-640
-648
-631
-644
-671
-647
-568
-496
-412
-383
-401
-374
-410
-483
-512
-533
-465
-348
-283
-209
-224
-249
-233
-201
-218
-285
-236
-107
22
46
78
56
-26
-21
-57
-112
-82
-98
-155
-246
-263
-250
-270
-310
-289
-128
-45
-100
4
78
126
178
109
-14
-91
-69
-13
79
152
214
291
344
439
541
607
680
676
631
642
695
621
533
553
619
643
698
813
906
944
976
986
923
868
810
771
782
713
667
740
815
790
788
781
674
551
435
296
264
230
183
201
279
292
218
137
61
-30
-87
-68
-30
18
68
108
20
-109
-194
-328
-384
-430
-477
-467
-450
-408
-419
-440
-549
-636
-688
-776
-805
-810
-840
-747
-724
-676
-597
-536
-425
-444
-480
-486
-535
-591
-722
-770
-628
-597
-568
-593
-600
-518
-538
-489
-386
-350
-318
-298
-371
-421
-444
-514
-595
-592
-582
-616
-595
-589
-634
-659
-719
-807
-868
-913
-995
-1062
-1139
-1200
-1240
-1206
-1096
-934
-842
-775
-735
-797
-896
-968
-1088
-1179
-1176
-1211
-1191
-1139
-1074
-927
-854
-878
-879
-926
-961
-1029
-1110
-1149
-1146
-1075
-1026
-973
-932
-958
-969
-963
-942
-921
-929
-954
-981
-999
-913
-881
-899
-915
-858
-742
-639
-514
-409
-339
-284
-338
-421
-515
-590
-621
-543
-430
-383
-301
-165
-149
-208
-201
-201
-229
-248
-287
-330
-498
-569
-570
-557
-473
-424
-314
-227
-162
-63
-25
43
-38
-193
-167
-211
-205
-162
-101
-44
-7
73
234
429
436
437
387
232
151
138
199
205
166
221
198
142
122
97
114
214
292
275
336
373
332
275
201
94
77
34
-40
68
171
196
342
468
485
434
318
171
7
-110
-223
-302
-310
-292
-341
-421
-443
-491
-488
-522
-552
-465
-454
-447
-481
-607
-678
-779
-874
-876
-851
-825
-738
-613
-450
-404
-473
-541
-624
-614
-656
-664
-615
-614
-454
-260
-121
-11
63
167
224
268
306
279
271
331
426
466
496
557
610
604
602
599
614
679
659
699
745
667
553
413
364
373
353
318
331
388
381
364
365
372
325
281
264
253
209
86
-95
-142
-144
-178
-83
13
64
111
95
47
56
89
31
-26
-34
-104
-245
-276
-312
-398
-334
-259
-227
-177
-233
-318
-390
-410
-489
-530
-400
-330
-192
-76
-136
-144
-177
-190
-45
41
103
196
262
325
366
345
260
313
405
474
613
719
776
794
809
760
689
713
730
802
838
886
923
906
980
1066
1043
1026
1054
1076
1015
939
888
867
908
933
930
979
965
936
861
727
693
639
637
688
667
701
750
813
830
756
660
509
426
342
233
219
178
95
86
62
25
-67
-156
-157
-156
-235
-248
-127
7
-40
-55
-42
-30
-13
-25
-47
-35
14
28
60
65
51
104
102
86
136
46
-53
-76
-132
-179
-214
-144
-73
-44
7
16
-46
-95
-153
-206
-233
-239
-298
-297
-257
-257
-245
-245
-167
-138
-143
-89
-36
29
69
59
-9
-26
-38
-137
-139
-63
-109
-124
-73
-19
21
47
71
38
-1
-92
-143
-168
-294
-396
-451
-513
-541
-524
-394
-303
-303
-382
-499
-608
-764
-842
-790
-693
-601
-544
-492
-527
-568
-666
-836
-957
-951
-883
-777
-572
-359
-250
-118
-123
-243
-289
-432
-607
-732
-719
-614
-416
-172
-4
83
76
-34
-154
-241
-259
-243
-155
-65
-26
-38
43
295
410
437
462
428
394
337
260
275
296
283
298
284
257
265
275
434
582
788
1036
1156
1245
1209
1085
838
484
137
-30
99
321
609
882
1086
1301
1339
1309
1193
978
675
274
-22
-159
-121
96
343
597
792
919
981
1015
962
781
605
548
470
494
609
631
643
596
526
531
601
714
911
966
915
981
945
840
749
660
641
591
537
593
645
668
700
737
782
782
709
616
554
478
468
504
551
709
867
993
1013
988
954
913
946
820
697
651
582
536
488
424
374
291
317
370
404
410
469
483
410
326
198
120
-36
-253
-441
-574
-609
-453
-83
345
719
954
1077
1103
897
672
504
315
269
324
404
535
697
1012
1205
1270
1337
1256
1050
795
549
416
346
372
442
545
675
835
980
1081
1191
1216
1140
1042
946
764
587
428
352
329
322
352
409
518
626
654
646
637
502
342
194
-30
-193
-220
-176
-108
-11
158
306
457
585
678
706
639
487
394
344
238
155
152
54
26
182
292
330
375
423
519
620
643
602
602
619
516
407
492
574
676
847
967
1022
1051
1024
968
925
856
642
444
384
234
134
195
271
326
453
515
579
611
542
484
446
330
163
33
-52
-52
1
71
144
172
202
226
220
301
355
327
308
238
77
-31
-71
-157
-241
-139
-73
-49
-16
-10
-46
-102
-231
-290
-411
-500
-472
-527
-549
-562
-500
-395
-335
-316
-309
-273
-280
-353
-346
-342
-418
-475
-459
-486
-506
